0.0 1.0 1.0 1.0
0.0 1.0 1.0 1.0
0.0 1.0 1.0 1.0
0.0 1.0 1.0 1.0
0.0 1.0 1.0 1.0
0.0 1.0 1.0 1.0
0.0 1.0 1.0 1.0
0.0 1.0 1.0 1.0
0.0 1.0 1.0 1.0
0.0 1.0 1.0 1.0
0.1 0.849661128612439 0.8680566271903765 0.8240180777566092
0.1 0.863147207463159 0.8605778583926206 0.8251227569828465
0.1 0.8542032031752419 0.8859268018962451 0.8099249509518637
0.1 0.8588779560393968 0.8964451896461779 0.8367202120447308
0.1 0.8736848277268819 0.8904864284688447 0.860894787928189
0.1 0.8711227955693591 0.8950090715167339 0.8205762726369001
0.1 0.9078194709605869 0.8596992808476572 0.8524724296176868
0.1 0.8869238650645802 0.895087249838573 0.8485004345468259
0.1 0.8889291651507975 0.9083163107740342 0.8358496143058443
0.1 0.845219154164963 0.8983721536054766 0.8694105661343091
0.2 0.7562456393979243 0.7464690519252212 0.6541894605222542
0.2 0.7496388051781158 0.7295379157037126 0.6247103086296488
0.2 0.8114122826001287 0.7840042488018945 0.6862349337294502
0.2 0.7753467556934633 0.8170655443996977 0.6978774638987753
0.2 0.6941220472382953 0.7962231382840494 0.6700014185987085
0.2 0.8177552674493217 0.7631830668322485 0.6991747773584889
0.2 0.7359043917437553 0.7908865573553849 0.7242687584115224
0.2 0.8171514301383747 0.7566355238435577 0.7518411472328218
0.2 0.7969224840532259 0.822219126545144 0.672938504538717
0.2 0.755973276527793 0.836628908120396 0.7034137007898231
0.3 0.5939756402174491 0.7095753303560116 0.5385545588102315
0.3 0.732254964019655 0.6920301794062723 0.6748975548494112
0.3 0.6363462376549601 0.6510265231359146 0.5445999804166676
0.3 0.732355942365034 0.6447646749916044 0.4424229137441559
0.3 0.7299219794518977 0.750263684018585 0.6349367953473558
0.3 0.6461235026353829 0.6496727774390281 0.5734199330147413
0.3 0.6248216000369186 0.7428523848736718 0.6864164853734899
0.3 0.6080030827881631 0.6719300883605355 0.5720354275160103
0.3 0.7314366496824449 0.6699492610820887 0.5945522138386107
0.3 0.6761381977826175 0.6721477957527072 0.5283597493160229
0.4 0.5270298498269209 0.5986684026404105 0.48240411369332115
0.4 0.6128873765149466 0.6097964531940929 0.5626709193452062
0.4 0.5287337240236837 0.7014634795674219 0.45617448593738247
0.4 0.6090289019211746 0.5866545937706601 0.4869049266256239
0.4 0.6333618628883696 0.7003586679125035 0.527072330009378
0.4 0.6302427095700124 0.6387701874959194 0.4218662382423562
0.4 0.560325841699114 0.5754371657433469 0.42552024232261393
0.4 0.675528469631909 0.5676305772324803 0.4842660318895255
0.4 0.6176419679281724 0.6101631794676043 0.44618968072153947
0.4 0.5765976417788738 0.5781038748050689 0.5357704128578312
0.5 0.5773181742137684 0.5406674945717496 0.3201500481751973
0.5 0.5192246100024311 0.4579223118067789 0.4324509877176545
0.5 0.5783148814052014 0.49422444526019843 0.4036654758690375
0.5 0.5057816375803967 0.4940094265165386 0.4888626035978295
0.5 0.4598524173120836 0.5261316957727672 0.3909248468274897
0.5 0.51793717084798 0.5998563364725872 0.5186579309771766
0.5 0.6311222376431695 0.4824397413015437 0.5237810984945491
0.5 0.5362315661213942 0.47743303339791615 0.4626139207709118
0.5 0.5301200624644157 0.5355937834913521 0.4595817175838492
0.5 0.5388546080290536 0.6447012002692601 0.39219254223542066
0.6 0.4380676482735891 0.42831714207055144 0.26947076092035305
0.6 0.3483080647840115 0.512545981435378 0.3074626616046113
0.6 0.45786808641699134 0.37059231762859957 0.32148959803274446
0.6 0.47877120060747436 0.5156470366098136 0.3433802386058039
0.6 0.43310116459689213 0.5317711641359749 0.2912113484915933
0.6 0.5101339585621701 0.4834228472754914 0.2893005590008754
0.6 0.4756821914583428 0.4837802649698189 0.37228836505956997
0.6 0.4822492692794642 0.4252715785270533 0.37121814270909737
0.6 0.44352143557337503 0.4292126817727624 0.3676480193661997
0.6 0.38752353141632506 0.5026733641461427 0.323234871162905
0.7 0.3904951516217159 0.39270951886922867 0.3810435364205501
0.7 0.3717172285633654 0.3466380389037441 0.2985648405022844
0.7 0.3821159889973156 0.4890508887225576 0.20587692552015788
0.7 0.2955720586368987 0.41795516336860916 0.22459125774076744
0.7 0.30535124811219183 0.37318676225571557 0.19133662828541254
0.7 0.2925956423509456 0.36895971344681766 0.20702058785475017
0.7 0.35747501122347425 0.35268792059813264 0.2260538358752866
0.7 0.3829591334606581 0.4372925346589687 0.33933067151418356
0.7 0.3866012752924105 0.43785574660401516 0.2507793256156667
0.7 0.3909670328437646 0.44085540907113774 0.36618305239194693
0.8 0.447066698630475 0.48542447882912837 0.23496307873883132
0.8 0.2902283123047747 0.30842545210885913 0.2329097586733143
0.8 0.33270950150152523 0.25059851377844755 0.27933999477204435
0.8 0.42263423877858974 0.3222474693185577 0.22968902101328706
0.8 0.29520542576165304 0.36058110882262534 0.23896667842623556
0.8 0.28238193152068 0.3060372873469119 0.1714260790965292
0.8 0.3134138013053148 0.3789561281144587 0.15054965631700823
0.8 0.2395893926690047 0.2784966795193835 0.14389899262348368
0.8 0.2730348884756807 0.29176586047693415 0.22968756709146765
0.8 0.35367403036422174 0.45438663991222833 0.3209242266649765
0.9 0.25781339543908305 0.32623530761218356 0.1252155142752901
0.9 0.18542611130349188 0.32664298038103473 0.1906569303056168
0.9 0.2123098072767633 0.2699288858034521 0.18957176531135303
0.9 0.23401322511406253 0.27764338728261423 0.11621070546999696
0.9 0.19665731007698406 0.46705444354729375 0.21949334452358674
0.9 0.29787087886611713 0.3171322858674411 0.13672586302348275
0.9 0.2741485737533569 0.27253952427795847 0.16584857021460092
0.9 0.2584163358040657 0.1969566370387203 0.08203072131164373
0.9 0.25034782709384557 0.27255960589915046 0.15025413233148205
0.9 0.3072073207780241 0.22202833879915201 0.14872990622391175
1.0 0.2429290664462732 0.18005254635744006 0.17020680131335436
1.0 0.24612327891493538 0.26062225033422126 0.18031174231819924
1.0 0.22893014611447982 0.23783995130058178 0.14989859666751676
1.0 0.20457581211163592 0.23281567436602085 0.10480702733929018
1.0 0.13318430534773215 0.2543346062529512 0.13406627753155842
1.0 0.32373143114992703 0.30084072936482675 0.1404488561761697
1.0 0.2656293724158701 0.2193052548559707 0.33708092568527553
1.0 0.3057170489629978 0.20561808886095212 0.08944556462191432
1.0 0.23748972708734992 0.20344781755311583 0.1297137651170829
1.0 0.2647529582294929 0.2555699647983731 0.2322563968804259
