0.0 1.0 1.0 1.0
0.0 1.0 1.0 1.0
0.0 1.0 1.0 1.0
0.1 0.8468741986189109 0.8494789016443623 0.8184372915847714
0.1 0.8853958604890267 0.8715469275159395 0.867389184606795
0.1 0.8846675714290199 0.8766908248260522 0.8182908785585363
0.2 0.8038129218407606 0.8258064680997744 0.6495038975861444
0.2 0.7616991778313584 0.7760902504023577 0.6759945085850301
0.2 0.8131148136778071 0.7377639331061517 0.7234661287697592
0.3 0.6583099677686503 0.6389314140116266 0.6506139909862729
0.3 0.722515175672831 0.7350113694797662 0.6214435252647406
0.3 0.7007323520453431 0.667458404601166 0.7131852374495867
0.4 0.6423492939706108 0.6591432509296292 0.5378918980070176
0.4 0.5234356835690616 0.6003404582695668 0.5011062980484238
0.4 0.5740970728655752 0.6322639077000154 0.46306958668804404
0.5 0.557093213665289 0.5862327880369788 0.32884650614665084
0.5 0.533395861531336 0.46359922898049605 0.4114429645935743
0.5 0.5355579616789794 0.5493070117593128 0.4273187546318261
0.6 0.4573647640165357 0.3627765225145159 0.2770818793901246
0.6 0.4830568006866334 0.49727535860723654 0.30206644781395187
0.6 0.45597809722839033 0.47230611605165257 0.3078784351839395
0.7 0.39945894814901145 0.3596557882908116 0.27159187519284567
0.7 0.4238077135389265 0.39433006694606604 0.3320065925316309
0.7 0.3496958577589691 0.5145678349182642 0.2606214082441241
0.8 0.33302459289858105 0.4124181122414031 0.1383552432251047
0.8 0.3447716845787753 0.399518301843993 0.18345149695326612
0.8 0.2546041897844003 0.35853740859137884 0.23978305394868663
0.9 0.35263340672287385 0.2856582396897726 0.15809631337490132
0.9 0.40699606931184185 0.4304125612328796 0.24320039357353693
0.9 0.23373800085771446 0.37196232985706795 0.19274971395533555
1.0 0.18170956306728697 0.2355946642378035 0.1678555643132307
1.0 0.19291408483401326 0.24037700190736622 0.13061034675280767
1.0 0.25169965409466344 0.24099667485722642 0.127483243558321
0.0 1.0 1.0 1.0
