0.0 1.0 1.0 1.0
0.0 1.0 1.0 1.0
0.0 1.0 1.0 1.0
0.0 1.0 1.0 1.0
0.0 1.0 1.0 1.0
0.0 1.0 1.0 1.0
0.0 1.0 1.0 1.0
0.0 1.0 1.0 1.0
0.0 1.0 1.0 1.0
0.0 1.0 1.0 1.0
0.1 0.8744661897722029 0.8819227351649704 0.8566574414800369
0.1 0.9027440250536661 0.8823019328233341 0.8282742784144171
0.1 0.8909737204594685 0.8792686413858022 0.8018736207946285
0.1 0.8586372075718929 0.896631110657774 0.8681557330814154
0.1 0.8735617966751072 0.8913037493269053 0.8301528921025259
0.1 0.8488013383685736 0.8598362309146212 0.848790636711143
0.1 0.8692617745953555 0.8841783253621047 0.8489645629226525
0.1 0.8402852608779346 0.8974182209448791 0.849566443328566
0.1 0.8809658744745036 0.915014276996088 0.8379487291094913
0.1 0.8939612888674532 0.8886909988017831 0.8566542857300761
0.2 0.7264702795665186 0.779710797801114 0.6750904237666399
0.2 0.7635325845311131 0.7860585637805128 0.7132024593682409
0.2 0.7693317003636336 0.760941364119969 0.6076448434922179
0.2 0.7437429199772927 0.8322142794785573 0.7216917115418453
0.2 0.8328333674757866 0.8159317411098493 0.6456896040928782
0.2 0.7374091851119493 0.8150581270576164 0.7177238580689754
0.2 0.7527830535811443 0.8244203586930554 0.7285003724932892
0.2 0.7998539460321281 0.8087807423279871 0.6594355594202763
0.2 0.7676431928956892 0.7784617085107496 0.6644792184545151
0.2 0.7480880326318703 0.795342133313651 0.6625845187331655
0.3 0.7590937304378693 0.7075496998948619 0.6318161007442648
0.3 0.6551247902119843 0.716758136631438 0.627357905892174
0.3 0.7206890638957776 0.7157653568271294 0.6756801305952507
0.3 0.6765717987550864 0.6541200946024277 0.5811932740911441
0.3 0.6642238092914954 0.7826097783064236 0.49784744414903415
0.3 0.6720670007220256 0.6985679228587959 0.4800537023836533
0.3 0.6674544613049973 0.7375973785383109 0.5357812786089877
0.3 0.6808086134763515 0.6545530403214528 0.6115915380337706
0.3 0.5779554625485943 0.644673164630264 0.5970039004364739
0.3 0.7122300260589312 0.6928694310701369 0.5624178707439895
0.4 0.5926610932201817 0.5612735747908534 0.48302774306221474
0.4 0.5598725329001273 0.6066975165973676 0.5372110598932508
0.4 0.5692495142468235 0.6235857499245632 0.5211159433434933
0.4 0.65957339999651 0.5461803765425279 0.43055414479283916
0.4 0.6112948596396404 0.6361485586567963 0.5016457138679283
0.4 0.6354030066832937 0.5776983947371488 0.3608638304435592
0.4 0.6107559809795527 0.6190160749963249 0.5504180379536183
0.4 0.5582928231698123 0.5717793420092998 0.5022744043707772
0.4 0.5817630581583252 0.6006380010778204 0.5266707883336601
0.4 0.6142920965727514 0.6521900711274747 0.42795429891104697
0.5 0.566678103665994 0.5589882125437545 0.38950103224143734
0.5 0.5375613957495851 0.4606472394992418 0.4063927758827035
0.5 0.5199203425610447 0.47165247462462795 0.33398823329291444
0.5 0.5375421039260528 0.5448515408121807 0.39711217716374037
0.5 0.5200380849614192 0.499543573504126 0.3260079915993348
0.5 0.5438596966768773 0.5159030897952568 0.48977704713321
0.5 0.5097555479861957 0.46074829892394836 0.31623064219547503
0.5 0.4914458170184318 0.4431801352160379 0.3623408851937623
0.5 0.515333730253674 0.5886794770650051 0.38666903045787826
0.5 0.41010350009343205 0.6405334490139925 0.5063302633048092
0.6 0.32553442051979664 0.40301227173182874 0.3642571247633679
0.6 0.3783494478574801 0.355937928185756 0.337086132354026
0.6 0.45538178220974407 0.5170568971945252 0.2926061555997347
0.6 0.4384531501742764 0.44625731715884276 0.1902127692042388
0.6 0.48041737966613934 0.44819939907093603 0.3391577507891849
0.6 0.3494063369269085 0.4260418313861292 0.2683052738583433
0.6 0.3887202038702911 0.5137137970947149 0.28968211874111494
0.6 0.4691435094816678 0.49998351042702815 0.2568515416942121
0.6 0.4359040596699478 0.3922064130730453 0.3048204850122983
0.6 0.41995379048899956 0.585580789645666 0.2149302632165731
0.7 0.32325121941195506 0.40321227427511297 0.3183531198090386
0.7 0.45108278204664076 0.38721501288601295 0.24111798609856933
0.7 0.3803341358367356 0.3680520124823382 0.32148216307580296
0.7 0.4036130236109102 0.514753389498728 0.21269551290743227
0.7 0.28362194928059375 0.4198302513474432 0.20934196028975968
0.7 0.3714685957134835 0.5937716338750141 0.2593429966672568
0.7 0.37465021992704384 0.47110963165237785 0.18509585145085652
0.7 0.5005506075798902 0.4258337091555692 0.29479866313469666
0.7 0.2903391675625978 0.3525606187516104 0.25950488290281154
0.7 0.39261367294746335 0.4813327659013793 0.15672583580424246
0.8 0.44944268349734484 0.3235205638448615 0.21194341229038505
0.8 0.30821399735788396 0.4059436577639661 0.21224712328273646
0.8 0.3696441268272176 0.36686343326475956 0.15079287656896864
0.8 0.36319654041219557 0.39909161548610006 0.18428037923321722
0.8 0.2721532587155471 0.36085164475842596 0.14861696062400592
0.8 0.36035652703027266 0.2552467275576608 0.1891506944616796
0.8 0.39335435212137687 0.2954994953307326 0.222961776692813
0.8 0.2511253825210707 0.3272426299807276 0.15538251042736917
0.8 0.33215589375706933 0.3642172588957602 0.2562487177451884
0.8 0.23028588538167125 0.4082122930553499 0.24929523102412252
0.9 0.21050601586323167 0.17356705348657478 0.1055736824291183
0.9 0.3188290818239609 0.24374829056631683 0.1995681402611678
0.9 0.2643868044914254 0.2767584398190305 0.1250640331601889
0.9 0.28035941073858456 0.23451232473781677 0.19720846499875344
0.9 0.3143792603041162 0.25367164782186913 0.15618680622094608
0.9 0.18144913464496765 0.3239813208711532 0.1712604699185316
0.9 0.2766615929434255 0.3140371263482102 0.15093346170428215
0.9 0.25622402955638274 0.3087731418616122 0.16907146074737855
0.9 0.3229822467357812 0.23422816917672407 0.2227282736031902
0.9 0.29470753151582996 0.38530294872544646 0.10275878961443186
1.0 0.35386511396096815 0.3824196941803034 0.11336199397326396
1.0 0.2209594134167893 0.18918068071283525 0.1495802491607838
1.0 0.21608879860001967 0.16348399670569308 0.08793908817435973
1.0 0.18964420556964645 0.2821652628361637 0.07964013610304041
1.0 0.1913055556154524 0.20250715414000578 0.14889881210708725
1.0 0.24518724003395703 0.3011664660373793 0.13006636163966226
1.0 0.19954155800323545 0.32306020916001704 0.14819896158513923
1.0 0.2309365166050073 0.34569278893833577 0.12615988836929312
1.0 0.32814611324821624 0.22907829312334166 0.10341996177113141
1.0 0.2977127170876471 0.18564100692875946 0.1480240088130249
