1 0.0 0.0 1.0 1.0 1.0
2 0.0 0.0 15.5375 13.375 13.225
1 0.0 0.0 1.0 1.0 1.0
2 0.0 0.0 12.575 13.125 11.0125
1 0.0 0.0 1.0 1.0 1.0
2 0.0 0.0 14.675 15.4 12.2625
1 0.0 0.0 1.0 1.0 1.0
2 0.0 0.0 15.4875 13.7875 12.1375
1 0.0 0.0 1.0 1.0 1.0
2 0.0 0.0 12.65 13.6625 13.0
1 0.0 0.0 1.0 1.0 1.0
2 0.0 0.0 16.25 14.95 12.0
1 0.0 0.0 1.0 1.0 1.0
2 0.0 0.0 14.825 13.9875 11.55
1 0.0 0.0 1.0 1.0 1.0
2 0.0 0.0 14.9 14.5875 13.475
1 0.0 0.0 1.0 1.0 1.0
2 0.0 0.0 14.75 14.15 10.9375
1 0.0 0.0 1.0 1.0 1.0
2 0.0 0.0 13.25 12.7375 11.4
1 0.0 0.1 1.0 1.0 1.0
2 0.0 0.1 11.7625 13.8875 11.975
1 0.0 0.1 1.0 1.0 1.0
2 0.0 0.1 13.5625 14.725 11.3125
1 0.0 0.1 1.0 1.0 1.0
2 0.0 0.1 12.275 12.825 12.975
1 0.0 0.1 1.0 1.0 1.0
2 0.0 0.1 13.95 12.1 10.9125
1 0.0 0.1 1.0 1.0 1.0
2 0.0 0.1 14.475 14.9625 14.2625
1 0.0 0.1 1.0 1.0 1.0
2 0.0 0.1 13.125 14.35 12.9
1 0.0 0.1 1.0 1.0 1.0
2 0.0 0.1 11.4 11.975 12.3875
1 0.0 0.1 1.0 1.0 1.0
2 0.0 0.1 13.275 13.625 11.9625
1 0.0 0.1 1.0 1.0 1.0
2 0.0 0.1 13.05 13.4375 12.5875
1 0.0 0.1 1.0 1.0 1.0
2 0.0 0.1 14.8125 13.675 11.6625
1 0.0 0.2 1.0 1.0 1.0
2 0.0 0.2 12.7125 12.85 11.9125
1 0.0 0.2 1.0 1.0 1.0
2 0.0 0.2 15.45 13.925 13.35
1 0.0 0.2 1.0 1.0 1.0
2 0.0 0.2 13.175 13.9 12.4375
1 0.0 0.2 1.0 1.0 1.0
2 0.0 0.2 14.5 14.8375 13.4125
1 0.0 0.2 1.0 1.0 1.0
2 0.0 0.2 14.85 12.8 12.0
1 0.0 0.2 1.0 1.0 1.0
2 0.0 0.2 14.1625 13.975 12.425
1 0.0 0.2 1.0 1.0 1.0
2 0.0 0.2 14.5375 14.5875 12.65
1 0.0 0.2 1.0 1.0 1.0
2 0.0 0.2 13.6 14.8375 11.0125
1 0.0 0.2 1.0 1.0 1.0
2 0.0 0.2 14.125 13.9875 10.1375
1 0.0 0.2 1.0 1.0 1.0
2 0.0 0.2 16.5625 13.6375 13.7875
1 0.0 0.3 1.0 1.0 1.0
2 0.0 0.3 13.2875 13.875 12.0375
1 0.0 0.3 1.0 1.0 1.0
2 0.0 0.3 14.4375 14.1875 13.6125
1 0.0 0.3 1.0 1.0 1.0
2 0.0 0.3 13.9625 15.225 12.7625
1 0.0 0.3 1.0 1.0 1.0
2 0.0 0.3 15.85 15.4875 14.35
1 0.0 0.3 1.0 1.0 1.0
2 0.0 0.3 13.8375 13.8 12.1125
1 0.0 0.3 1.0 1.0 1.0
2 0.0 0.3 15.7125 14.575 11.975
1 0.0 0.3 1.0 1.0 1.0
2 0.0 0.3 15.6125 16.1375 14.0125
1 0.0 0.3 1.0 1.0 1.0
2 0.0 0.3 13.925 14.875 15.125
1 0.0 0.3 1.0 1.0 1.0
2 0.0 0.3 15.5125 14.375 11.9125
1 0.0 0.3 1.0 1.0 1.0
2 0.0 0.3 15.3375 14.5875 11.5
1 0.0 0.4 1.0 1.0 1.0
2 0.0 0.4 14.7 15.3125 13.75
1 0.0 0.4 1.0 1.0 1.0
2 0.0 0.4 16.1375 16.475 15.075
1 0.0 0.4 1.0 1.0 1.0
2 0.0 0.4 14.125 14.2 12.1375
1 0.0 0.4 1.0 1.0 1.0
2 0.0 0.4 15.075 14.9875 14.525
1 0.0 0.4 1.0 1.0 1.0
2 0.0 0.4 13.8 13.575 12.0625
1 0.0 0.4 1.0 1.0 1.0
2 0.0 0.4 15.65 15.05 13.7875
1 0.0 0.4 1.0 1.0 1.0
2 0.0 0.4 16.4 14.175 12.8625
1 0.0 0.4 1.0 1.0 1.0
2 0.0 0.4 15.225 14.9375 13.75
1 0.0 0.4 1.0 1.0 1.0
2 0.0 0.4 15.2 15.4375 12.125
1 0.0 0.4 1.0 1.0 1.0
2 0.0 0.4 15.5125 16.925 14.6125
1 0.0 0.5 1.0 1.0 1.0
2 0.0 0.5 14.75 14.9375 15.2375
1 0.0 0.5 1.0 1.0 1.0
2 0.0 0.5 14.025 13.825 12.05
1 0.0 0.5 1.0 1.0 1.0
2 0.0 0.5 15.925 15.3125 13.275
1 0.0 0.5 1.0 1.0 1.0
2 0.0 0.5 13.7875 15.0 12.5875
1 0.0 0.5 1.0 1.0 1.0
2 0.0 0.5 15.6375 17.0125 13.8125
1 0.0 0.5 1.0 1.0 1.0
2 0.0 0.5 15.05 15.975 14.125
1 0.0 0.5 1.0 1.0 1.0
2 0.0 0.5 13.8875 14.9 13.1
1 0.0 0.5 1.0 1.0 1.0
2 0.0 0.5 15.275 14.825 12.6625
1 0.0 0.5 1.0 1.0 1.0
2 0.0 0.5 13.5375 12.875 11.7375
1 0.0 0.5 1.0 1.0 1.0
2 0.0 0.5 14.525 13.6875 12.1375
1 0.0 0.6 1.0 1.0 1.0
2 0.0 0.6 16.0375 13.6 12.825
1 0.0 0.6 1.0 1.0 1.0
2 0.0 0.6 16.0375 16.4 14.0875
1 0.0 0.6 1.0 1.0 1.0
2 0.0 0.6 13.5625 15.625 14.1125
1 0.0 0.6 1.0 1.0 1.0
2 0.0 0.6 16.8375 16.8 15.275
1 0.0 0.6 1.0 1.0 1.0
2 0.0 0.6 16.8125 17.4375 16.3125
1 0.0 0.6 1.0 1.0 1.0
2 0.0 0.6 14.3 15.4625 13.5875
1 0.0 0.6 1.0 1.0 1.0
2 0.0 0.6 16.3125 15.275 13.9875
1 0.0 0.6 1.0 1.0 1.0
2 0.0 0.6 15.575 15.1625 13.7375
1 0.0 0.6 1.0 1.0 1.0
2 0.0 0.6 13.575 15.5375 13.4625
1 0.0 0.6 1.0 1.0 1.0
2 0.0 0.6 14.5125 12.7 13.9125
1 0.0 0.7 1.0 1.0 1.0
2 0.0 0.7 12.85 14.5125 13.0375
1 0.0 0.7 1.0 1.0 1.0
2 0.0 0.7 14.2 14.725 11.5125
1 0.0 0.7 1.0 1.0 1.0
2 0.0 0.7 14.525 15.5625 14.175
1 0.0 0.7 1.0 1.0 1.0
2 0.0 0.7 17.0125 17.9125 13.725
1 0.0 0.7 1.0 1.0 1.0
2 0.0 0.7 10.4 12.175 11.6875
1 0.0 0.7 1.0 1.0 1.0
2 0.0 0.7 15.8 16.9625 13.5
1 0.0 0.7 1.0 1.0 1.0
2 0.0 0.7 15.25 15.2125 11.9875
1 0.0 0.7 1.0 1.0 1.0
2 0.0 0.7 16.6875 15.95 13.275
1 0.0 0.7 1.0 1.0 1.0
2 0.0 0.7 17.0625 16.325 14.2
1 0.0 0.7 1.0 1.0 1.0
2 0.0 0.7 15.1875 14.5875 14.225
1 0.0 0.8 1.0 1.0 1.0
2 0.0 0.8 14.0875 15.725 14.45
1 0.0 0.8 1.0 1.0 1.0
2 0.0 0.8 15.9875 15.7375 12.4
1 0.0 0.8 1.0 1.0 1.0
2 0.0 0.8 15.475 16.3625 12.95
1 0.0 0.8 1.0 1.0 1.0
2 0.0 0.8 16.8125 17.25 14.8375
1 0.0 0.8 1.0 1.0 1.0
2 0.0 0.8 12.875 14.3 13.3125
1 0.0 0.8 1.0 1.0 1.0
2 0.0 0.8 12.975 19.1375 13.7625
1 0.0 0.8 1.0 1.0 1.0
2 0.0 0.8 15.525 18.75 13.8375
1 0.0 0.8 1.0 1.0 1.0
2 0.0 0.8 14.5 13.05 12.0
1 0.0 0.8 1.0 1.0 1.0
2 0.0 0.8 14.2 13.7125 12.55
1 0.0 0.8 1.0 1.0 1.0
2 0.0 0.8 11.875 12.8375 11.5875
1 0.0 0.9 1.0 1.0 1.0
2 0.0 0.9 13.4 15.5375 12.5875
1 0.0 0.9 1.0 1.0 1.0
2 0.0 0.9 15.15 14.5375 12.25
1 0.0 0.9 1.0 1.0 1.0
2 0.0 0.9 13.3625 13.225 12.3125
1 0.0 0.9 1.0 1.0 1.0
2 0.0 0.9 14.75 15.525 13.1875
1 0.0 0.9 1.0 1.0 1.0
2 0.0 0.9 12.4 12.625 12.0
1 0.0 0.9 1.0 1.0 1.0
2 0.0 0.9 14.525 11.825 12.5625
1 0.0 0.9 1.0 1.0 1.0
2 0.0 0.9 15.125 16.95 14.575
1 0.0 0.9 1.0 1.0 1.0
2 0.0 0.9 14.9125 14.2875 11.9625
1 0.0 0.9 1.0 1.0 1.0
2 0.0 0.9 15.1375 13.85 13.4
1 0.0 0.9 1.0 1.0 1.0
2 0.0 0.9 12.525 14.0375 13.0875
1 0.0 1.0 1.0 1.0 1.0
2 0.0 1.0 10.075 12.7125 12.175
1 0.0 1.0 1.0 1.0 1.0
2 0.0 1.0 10.55 14.3875 13.875
1 0.0 1.0 1.0 1.0 1.0
2 0.0 1.0 10.65 11.2125 11.4875
1 0.0 1.0 1.0 1.0 1.0
2 0.0 1.0 10.4875 13.175 11.6875
1 0.0 1.0 1.0 1.0 1.0
2 0.0 1.0 11.425 14.1 11.675
1 0.0 1.0 1.0 1.0 1.0
2 0.0 1.0 12.275 16.2125 15.675
1 0.0 1.0 1.0 1.0 1.0
2 0.0 1.0 11.5375 14.0125 11.45
1 0.0 1.0 1.0 1.0 1.0
2 0.0 1.0 11.4625 15.025 14.85
1 0.0 1.0 1.0 1.0 1.0
2 0.0 1.0 9.9875 14.475 12.775
1 0.0 1.0 1.0 1.0 1.0
2 0.0 1.0 11.85 14.7375 13.65
1 0.0 1.1 1.0 1.0 1.0
2 0.0 1.1 13.7875 15.525 12.7
1 0.0 1.1 1.0 1.0 1.0
2 0.0 1.1 11.0 15.425 13.6375
1 0.0 1.1 1.0 1.0 1.0
2 0.0 1.1 9.2 11.7 10.275
1 0.0 1.1 nan 1.0 1.0
2 0.0 1.1 9.025 13.1 12.0375
1 0.0 1.1 1.0 1.0 1.0
2 0.0 1.1 10.7875 13.5625 12.3375
1 0.0 1.1 1.0 1.0 1.0
2 0.0 1.1 10.725 12.4625 10.9
1 0.0 1.1 1.0 1.0 1.0
2 0.0 1.1 13.375 14.1125 12.975
1 0.0 1.1 1.0 1.0 1.0
2 0.0 1.1 12.5125 14.35 11.075
1 0.0 1.1 1.0 1.0 1.0
2 0.0 1.1 12.8625 14.175 12.4375
1 0.0 1.1 1.0 1.0 1.0
2 0.0 1.1 13.2 13.1875 11.9125
1 0.0 1.2 1.0 1.0 1.0
2 0.0 1.2 10.2125 12.9625 12.7
1 0.0 1.2 1.0 1.0 1.0
2 0.0 1.2 9.325 10.675 9.85
1 0.0 1.2 1.0 1.0 1.0
2 0.0 1.2 11.925 11.45 11.175
1 0.0 1.2 1.0 1.0 1.0
2 0.0 1.2 10.7875 13.2 12.3125
1 0.0 1.2 1.0 1.0 1.0
2 0.0 1.2 10.7 10.1875 10.825
1 0.0 1.2 1.0 1.0 1.0
2 0.0 1.2 9.675 11.325 10.375
1 0.0 1.2 1.0 1.0 1.0
2 0.0 1.2 10.2125 13.6125 13.0625
1 0.0 1.2 1.0 1.0 1.0
2 0.0 1.2 11.3 12.875 11.4375
1 0.0 1.2 1.0 1.0 1.0
2 0.0 1.2 9.625 13.325 11.975
1 0.0 1.2 1.0 1.0 1.0
2 0.0 1.2 9.825 12.45 11.8125
1 0.0 1.3 1.0 1.0 1.0
2 0.0 1.3 9.5125 12.7375 9.675
1 0.0 1.3 1.0 1.0 1.0
2 0.0 1.3 6.5125 8.425 8.675
1 0.0 1.3 1.0 1.0 1.0
2 0.0 1.3 9.275 15.75 10.95
1 0.0 1.3 1.0 1.0 1.0
2 0.0 1.3 8.575 12.7375 11.2625
1 0.0 1.3 1.0 1.0 1.0
2 0.0 1.3 8.1875 10.5625 9.25
1 0.0 1.3 1.0 1.0 1.0
2 0.0 1.3 10.3125 14.6 13.3375
1 0.0 1.3 nan 1.0 1.0
2 0.0 1.3 9.8125 11.55 12.05
1 0.0 1.3 1.0 1.0 1.0
2 0.0 1.3 7.725 11.15 8.5375
1 0.0 1.3 1.0 1.0 1.0
2 0.0 1.3 9.6375 10.5875 10.65
1 0.0 1.3 1.0 1.0 1.0
2 0.0 1.3 8.975 13.9 11.7
1 0.0 1.4 nan 1.0 1.0
2 0.0 1.4 6.8 11.1625 9.6
1 0.0 1.4 1.0 1.0 1.0
2 0.0 1.4 8.6125 10.25 10.4625
1 0.0 1.4 nan 1.0 1.0
2 0.0 1.4 6.8625 11.75 11.4
1 0.0 1.4 nan 1.0 1.0
2 0.0 1.4 8.3125 13.3875 13.6
1 0.0 1.4 1.0 1.0 1.0
2 0.0 1.4 10.2375 13.4625 11.9875
1 0.0 1.4 1.0 1.0 1.0
2 0.0 1.4 8.55 11.3625 10.425
1 0.0 1.4 1.0 1.0 1.0
2 0.0 1.4 6.8375 12.05 9.725
1 0.0 1.4 1.0 1.0 1.0
2 0.0 1.4 9.1625 12.175 11.7875
1 0.0 1.4 1.0 1.0 1.0
2 0.0 1.4 7.6625 11.925 12.45
1 0.0 1.4 1.0 1.0 1.0
2 0.0 1.4 10.3 11.5625 12.4
