0 0.0 1.0 1.0 1.0
0 0.0 1.0 1.0 1.0
0 0.0 1.0 1.0 1.0
0 0.0 1.0 1.0 1.0
0 0.0 1.0 1.0 1.0
0 0.0 1.0 1.0 1.0
0 0.0 1.0 1.0 1.0
0 0.0 1.0 1.0 1.0
0 0.0 1.0 1.0 1.0
0 0.0 1.0 1.0 1.0
1 0.0 1.0 1.0 1.0
2 0.0 15.2875 13.6125 11.8
0 0.1652421630655837 0.6405976107322633 0.6814943901297887 0.8100328647027851
0 0.1652421630655837 0.8180230844830667 0.6252084024255413 0.7722476168931434
0 0.1652421630655837 0.7569207606952324 0.8556479372146794 0.7792036227388287
0 0.1652421630655837 0.5700356851702817 0.7328930697033735 0.7260836825774118
0 0.1652421630655837 0.735830345492417 0.7499305491092586 0.7761751743437668
0 0.1652421630655837 0.6910407673401513 0.5928202208987312 0.7701987452803789
0 0.1652421630655837 0.6764980223864283 0.655440012579106 0.5933510635411208
0 0.1652421630655837 0.6977782186119856 0.7199002504115802 0.5757631631312677
0 0.1652421630655837 0.7922463514341297 0.6768219568913801 0.6569462548801331
0 0.1652421630655837 0.6543650434379803 0.6813178276289413 0.7526832629269163
1 0.1652421630655837 0.7033335889783936 0.697147461699238 0.7212685451015753
2 0.1652421630655837 10.903689963647667 9.971317530758503 9.360013064768712
0 0.14291103467156682 0.62057683613504 0.8412333773097854 0.5863421656725207
0 0.14291103467156682 0.6898047005793425 0.7291965913725543 0.6361768928011411
0 0.14291103467156682 0.8776529859980078 0.6007042892740218 0.6848635403011223
0 0.14291103467156682 0.7948719556885451 0.7370453883460962 0.6721232514060862
0 0.14291103467156682 0.8358588648023011 0.75303864084503 0.6995791696090718
0 0.14291103467156682 0.6900435048529043 0.8540314029797698 0.7671063994673409
0 0.14291103467156682 0.7334623103178544 0.5440687099469832 0.5644685761839127
0 0.14291103467156682 0.6858977005037908 0.8219469825712961 0.643100333986553
0 0.14291103467156682 0.7398361621795445 0.7604857222222339 0.6571026308491584
0 0.14291103467156682 0.6983148849920137 0.691304182571135 0.8054868138146057
1 0.14291103467156682 0.7366319906049345 0.7333055287438905 0.6716349774091513
2 0.14291103467156682 10.603283463793977 9.46871640018105 8.039909391981189
0 0.16663526605142065 0.6649996527962357 0.7348703003589798 0.5717761430752245
0 0.16663526605142065 0.6853684011141933 0.7789636250876271 0.7656813589340598
0 0.16663526605142065 0.7839911187918882 0.5495750263047559 0.6471850138608423
0 0.16663526605142065 0.640913522846773 0.7173657611348895 0.7599549455017258
0 0.16663526605142065 0.7347076572587177 0.7069139155178483 0.6312867570360072
0 0.16663526605142065 0.5425779776733488 0.7751132061701144 0.559956865477968
0 0.16663526605142065 0.5975495464588528 0.731954464756843 0.8104677361435104
0 0.16663526605142065 0.7517494002325996 0.7727590643606517 0.8114010430604998
0 0.16663526605142065 0.601293617377953 0.72806894319963 0.5928693666834512
0 0.16663526605142065 0.5002076786987447 0.8189123283588229 0.8140584146984994
1 0.16663526605142065 0.6503358573249308 0.7314496635250163 0.6964637644471788
2 0.16663526605142065 9.485064362289858 9.263255559679326 9.092064514504145
0 0.14780222922784372 0.758038287322765 0.7002958552414623 0.6190977499472514
0 0.14780222922784372 0.7118659261386291 0.8518144294318999 0.6491638352239847
0 0.14780222922784372 0.6441258789967867 0.8281051528381739 0.7167715157620695
0 0.14780222922784372 0.7567393617519981 0.7217617359413436 0.6733847498026153
0 0.14780222922784372 0.7397804283304614 0.7081064381180502 0.6109597838082433
0 0.14780222922784372 0.7479544938177012 0.812380369613763 0.6231255719958029
0 0.14780222922784372 0.6768622646606806 0.7898028752680855 0.7009264285972295
0 0.14780222922784372 0.6561867795793734 0.7678295399025921 0.5938157089040971
0 0.14780222922784372 0.5568257131367211 0.7250484655815527 0.6782755544840445
0 0.14780222922784372 0.7240074888292408 0.871715202604637 0.8049812665797641
1 0.14780222922784372 0.6972386622564357 0.7776860064541561 0.6670502165105103
2 0.14780222922784372 10.340121262260398 10.85313714942898 8.50830784914004
0 0.15026567180231457 0.6791914313394404 0.8241265303797605 0.7285347692378523
0 0.15026567180231457 0.7816866819230763 0.861198177772336 0.7807120033452654
0 0.15026567180231457 0.6949066983813924 0.8274294808813214 0.7529643488203098
0 0.15026567180231457 0.8345478759137727 0.8126380477741005 0.6728856186668756
0 0.15026567180231457 0.765946636178636 0.7574386677972121 0.5457297749536586
0 0.15026567180231457 0.7231803488461334 0.8512903351368407 0.6881090639496957
0 0.15026567180231457 0.6720483551720114 0.782229116208075 0.5883419806921211
0 0.15026567180231457 0.5895103131354138 0.7282723386232405 0.5691863506714414
0 0.15026567180231457 0.7644914676182027 0.7407534147917438 0.6220220025717531
0 0.15026567180231457 0.7378413516181488 0.7982995197015885 0.6341652284502968
1 0.15026567180231457 0.7243351160126228 0.7983675629066219 0.6582651141359269
2 0.15026567180231457 9.773469555505057 10.069190139543988 8.082521070950957
0 0.3317728743179736 0.5851709950531334 0.5944281754668354 0.44059383911131855
0 0.3317728743179736 0.5394273467456883 0.5975339923260331 0.5171137254536229
0 0.3317728743179736 0.4575892682974186 0.46638823987856537 0.39016843002732365
0 0.3317728743179736 0.5292375223743169 0.5921298513249372 0.31140660743432064
0 0.3317728743179736 0.43425163250973825 0.43753908508794037 0.6214087905802248
0 0.3317728743179736 0.4950656796628208 0.5951853919586839 0.4970951157872796
0 0.3317728743179736 0.5494894747697106 0.5138253640825635 0.393973218659608
0 0.3317728743179736 0.48164922212713934 0.25566597482320685 0.4839542535730884
0 0.3317728743179736 0.4435660286258088 0.5356533772578097 0.2060602074939183
0 0.3317728743179736 0.6148830912352156 0.4279045224760411 0.5282257331963826
1 0.3317728743179736 0.513033026140099 0.5016253974682617 0.4389999921317087
2 0.3317728743179736 7.186933497773748 6.098563863658285 5.179674478467635
0 0.29258192601338506 0.5064865068150949 0.5695011140214589 0.3844249909234463
0 0.29258192601338506 0.5778231130504446 0.6831484686404503 0.377669582717581
0 0.29258192601338506 0.5435193364393777 0.6714933784889757 0.44203838778919574
0 0.29258192601338506 0.4410738413654743 0.5813927526751603 0.5703825003440544
0 0.29258192601338506 0.6179470469715571 0.595982803225197 0.5228287037758806
0 0.29258192601338506 0.5058496476801505 0.5731215603605883 0.5914858194867523
0 0.29258192601338506 0.618456316837998 0.6142715356832944 0.4542451185688843
0 0.29258192601338506 0.5931166088430876 0.6079567216021273 0.6624859381563876
0 0.29258192601338506 0.5913283328491628 0.6846871489011057 0.6729188133494908
0 0.29258192601338506 0.4626985992997936 0.7109806321448577 0.49861809058019635
1 0.29258192601338506 0.545829935015214 0.6292536115743216 0.517709794569187
2 0.29258192601338506 8.725855351499913 8.98950665834201 6.807113706548014
0 0.26869924421974833 0.593921687257313 0.4821105526167942 0.4667778927842852
0 0.26869924421974833 0.6342594736465433 0.4594067092389575 0.3468500562657831
0 0.26869924421974833 0.4477712995251737 0.6661501873885123 0.4862389182376771
0 0.26869924421974833 0.4998187330504142 0.5813332390769977 0.6213904515491807
0 0.26869924421974833 0.4824041547572349 0.5693739818627488 0.5401772137167997
0 0.26869924421974833 0.517044196458823 0.45727418851418705 0.4069590588952823
0 0.26869924421974833 0.4962637431700863 0.36895972348062106 0.35135949084144413
0 0.26869924421974833 0.49271105727337516 0.6033423024523136 0.4585297114369878
0 0.26869924421974833 0.6713582021485613 0.47461688095435434 0.40244021827626897
0 0.26869924421974833 0.6131493327730145 0.49799910027014793 0.47166684466986275
1 0.26869924421974833 0.544870188006054 0.5160566865855634 0.4552389856673572
2 0.26869924421974833 6.8008789494716195 5.82514052184384 5.302052099863696
0 0.3854204714329769 0.3781385236625865 0.46818487165158545 0.49361646913928825
0 0.3854204714329769 0.5097515931818706 0.45597400166023105 0.41634885879247663
0 0.3854204714329769 0.38073709595913663 0.5061925831232265 0.37362899328857085
0 0.3854204714329769 0.39395196805222155 0.667335412179627 0.34518810550238754
0 0.3854204714329769 0.4587777004471226 0.5775017728987245 0.5109850442224567
0 0.3854204714329769 0.38488732412485666 0.6851757797462382 0.3583477504809879
0 0.3854204714329769 0.5347930078394428 0.5318814262144972 0.37804295798839915
0 0.3854204714329769 0.4720432654284773 0.7397421618695901 0.459759597587472
0 0.3854204714329769 0.3557678374116363 0.5576962338378535 0.4582046227519083
0 0.3854204714329769 0.49882697000483 0.687394406667556 0.5503735724255827
1 0.3854204714329769 0.43676752861121815 0.587707864984913 0.434449597217953
2 0.3854204714329769 6.979248948832241 8.86534900587026 5.337926792455487
0 0.31056655568689584 0.5941023365633109 0.6846629223314116 0.6028857845750926
0 0.31056655568689584 0.33961886785030854 0.6048193373616835 0.48460322922050325
0 0.31056655568689584 0.5716186870247556 0.42535408244248063 0.5790803333820466
0 0.31056655568689584 0.4122248698602802 0.4882823324357675 0.5183814140751987
0 0.31056655568689584 0.706491900322601 0.7139767112427761 0.3451849792224942
0 0.31056655568689584 0.5181274899612459 0.699058773630211 0.47414986079096766
0 0.31056655568689584 0.5580807309045793 0.5336632088782425 0.3273781764632271
0 0.31056655568689584 0.6255559847524775 0.6670872013931801 0.48682328599493785
0 0.31056655568689584 0.4809122329793911 0.5602142981091178 0.3694822651283281
0 0.31056655568689584 0.524076906496819 0.6533645670719536 0.5397954900886599
1 0.31056655568689584 0.5330810006715769 0.6030483434896825 0.47277648189414556
2 0.31056655568689584 7.1017775242565335 8.643987921404912 5.2867197283715495
0 0.5863447867230981 0.34880390420943297 0.2624309643872395 0.4551294211040923
0 0.5863447867230981 0.33728847132127676 0.4842101574253055 0.3247158886291611
0 0.5863447867230981 0.23231231231740868 0.3458407107888033 0.3342195945068967
0 0.5863447867230981 0.27290740175525774 0.29910526863184955 0.30788954047962136
0 0.5863447867230981 0.41903182785271986 0.4292188440481901 0.3770974943489783
0 0.5863447867230981 0.24097072339580686 0.2686618384809709 0.3090170838257589
0 0.5863447867230981 0.2016936130203434 0.22805197849500752 0.410767812153831
0 0.5863447867230981 0.3326952602729049 0.2912190732227406 0.48032860853443476
0 0.5863447867230981 0.29172180047786817 0.3035858252161343 0.45199808087748494
0 0.5863447867230981 0.2605028585821776 0.40996600538040384 0.1132918918874903
1 0.5863447867230981 0.2937928173205197 0.33222906660766455 0.356445541634775
2 0.5863447867230981 3.6823507601966705 4.251582594229087 3.988700587008128
0 0.38666997228855454 0.22990556921291785 0.2917127620384561 0.34984949427004286
0 0.38666997228855454 0.37268931648843584 0.348710431878439 0.20105658722108966
0 0.38666997228855454 0.20456332573008312 0.6064700240008629 0.1980509579968028
0 0.38666997228855454 0.4809169516247308 0.5083124880778023 0.31884880699279583
0 0.38666997228855454 0.3034979128206156 0.4102408336255297 0.2798516363769998
0 0.38666997228855454 0.5088748794617268 0.5038849572064985 0.25157429678135496
0 0.38666997228855454 0.2740942623509051 0.3810888904411849 0.258059156684307
0 0.38666997228855454 0.3646326040170386 0.49817520995212516 0.16528142700961132
0 0.38666997228855454 0.4291921269886653 0.5303978760877734 0.2583672201166045
0 0.38666997228855454 0.36657221010147206 0.35136156930225376 0.259714440997016
1 0.38666997228855454 0.3534939158796591 0.4430355042610926 0.25406540244466247
2 0.38666997228855454 4.586357646419386 5.8036396125158625 2.6984424531572837
0 0.43249254737876364 0.5115956291833224 0.34078427785075055 0.3021522876670446
0 0.43249254737876364 0.47770030135085945 0.5142519783723659 0.4187503626956256
0 0.43249254737876364 0.29083411414455423 0.575302183826894 0.24538828706804217
0 0.43249254737876364 0.3087752751832898 0.4965390512443274 0.37494793613003763
0 0.43249254737876364 0.43462713354109245 0.51705417844732 0.3451894431711471
0 0.43249254737876364 0.5067765272169686 0.3584702036698882 0.2819749855884581
0 0.43249254737876364 0.36442307340614744 0.44644865401031875 0.16603431041426198
0 0.43249254737876364 0.39724267753418485 0.4184072542362345 0.31460195133551094
0 0.43249254737876364 0.3777981374554948 0.3080942078600248 0.27143765716649143
0 0.43249254737876364 0.49629571609555095 0.4645976259058743 0.4035079072484742
1 0.43249254737876364 0.41660685851114654 0.4439949615423998 0.3123985128485094
2 0.43249254737876364 6.339978789727875 6.106837955145321 3.6723873754364376
0 0.5362901560418755 0.3099665147921033 0.36048494901813743 0.36360716859125314
0 0.5362901560418755 0.38249130979776813 0.1790226204549576 0.26623417314141695
0 0.5362901560418755 0.3895710997209009 0.38147530824114634 0.2088679561984219
0 0.5362901560418755 0.3303833110505698 0.36173997461147994 0.2601838266081249
0 0.5362901560418755 0.45109909820190075 0.3006802740422203 0.26179645227116655
0 0.5362901560418755 0.3288114112773671 0.43602256640495246 0.33461254307881594
0 0.5362901560418755 0.29130769620621794 0.3398674104259635 0.35980457931726384
0 0.5362901560418755 0.3407620396952803 0.39798830258231593 0.32692312419258085
0 0.5362901560418755 0.30879431931624823 0.4538727652388808 0.5548735788756723
0 0.5362901560418755 0.3481395872043572 0.12766073214788118 0.2914717027246905
1 0.5362901560418755 0.3481326387262714 0.33388149031679354 0.3228375104999407
2 0.5362901560418755 5.249592075759157 4.758936869792466 3.9556688644571514
0 0.5231067212255248 0.19178053305197618 0.5287763212424066 0.24355313351641578
0 0.5231067212255248 0.33767414296393955 0.40726610571759664 0.3133871514878065
0 0.5231067212255248 0.25338069191454354 0.2794121456338031 0.20254877670430932
0 0.5231067212255248 0.37848781554638516 0.39605322572092133 0.1379507281004326
0 0.5231067212255248 0.2459582530036955 0.35052165371378763 0.23424385106262527
0 0.5231067212255248 0.25897932335025664 0.25133562365442086 0.21608825125439213
0 0.5231067212255248 0.41305524013183825 0.2729408951084653 0.22499064912096345
0 0.5231067212255248 0.18947511015358032 0.2623603036309833 0.1274543789789753
0 0.5231067212255248 0.4232173729109069 0.41948823421461295 0.22150918297372962
0 0.5231067212255248 0.3889801130898325 0.258621226811744 0.11416415587358872
1 0.5231067212255248 0.3080988596116955 0.34267757354487416 0.20358902590732386
2 0.5231067212255248 4.413862316559326 4.327449452999405 2.345157294914454
0 0.534465128150389 0.25393637047899104 0.33880773792245106 0.2141412595628266
0 0.534465128150389 0.3630529006550558 0.3728131277032382 0.23610058934577627
0 0.534465128150389 0.44052012210329644 0.49196963471534316 0.13327978043357627
0 0.534465128150389 0.3486986293227316 0.36527835560792105 0.14880763903435854
0 0.534465128150389 0.4088348960161561 0.47391834635534463 0.23981843796738778
0 0.534465128150389 0.2144781556116474 0.3124397031964446 0.22037170007279697
0 0.534465128150389 0.3556101050841639 0.3399154142773897 0.10947624590652356
0 0.534465128150389 0.42189192155128913 0.41961003748338965 0.13650027677130672
0 0.534465128150389 0.14773516609871548 0.39405770546361607 0.07751045462212992
0 0.534465128150389 0.4051489895704833 0.16235554089656198 0.1460386349031134
1 0.534465128150389 0.33599072564925303 0.36711656036217 0.1662045018619796
2 0.534465128150389 5.081661486756515 5.14328704187343 1.7269375970043988
0 0.7261115769987198 0.12519124603720347 0.3111786499713248 0.1081057399400178
0 0.7261115769987198 0.22007701109713232 0.20243783967532672 0.1860982042050646
0 0.7261115769987198 0.25693063663251076 0.3146165300213945 0.12302170941995776
0 0.7261115769987198 0.2381811739584373 0.3150156042409898 0.2069662663588659
0 0.7261115769987198 0.2224361351851263 0.29796182620537975 0.15079803189761717
0 0.7261115769987198 0.25168344801342546 0.4954544563129094 0.17501662349746783
0 0.7261115769987198 0.33779732530865386 0.3692245160883114 0.19306392186852728
0 0.7261115769987198 0.10334975640374462 0.24728182541596405 0.16528520678624609
0 0.7261115769987198 0.36030559183207295 0.4105262570106658 0.26476150869402026
0 0.7261115769987198 0.28426215288087014 0.3810508482381948 0.22277275511009642
1 0.7261115769987198 0.2400214477349177 0.3344748353180461 0.1795889967777881
2 0.7261115769987198 3.2413683282734995 3.9410215127181316 2.258332318624675
0 0.6133128408680375 0.24795857696159476 0.25729511994519827 0.18649129627162495
0 0.6133128408680375 0.2782985340504928 0.3399060336438756 0.20973904329702045
0 0.6133128408680375 0.2308336538124278 0.37020232578459217 0.18687776598360006
0 0.6133128408680375 0.15833887640242159 0.24068374553763572 0.2761671372385692
0 0.6133128408680375 0.2910041326772868 0.4571521785678946 0.23610649538678258
0 0.6133128408680375 0.15938290780480785 0.3379403885052069 0.16930426186779374
0 0.6133128408680375 0.25245247931952186 0.22439046439438348 0.05635317077001021
0 0.6133128408680375 0.26049391505160985 0.2939742081551533 0.02467511280336057
0 0.6133128408680375 0.3289065316957707 0.2831607930279817 0.3604803266700802
0 0.6133128408680375 0.3240340722632263 0.24716924347324443 0.2871624703573585
1 0.6133128408680375 0.253170368003916 0.3051874501035166 0.19933570806462006
2 0.6133128408680375 3.7117868661955313 4.217643068940644 2.376838270817399
0 0.6847762392680923 0.30636226747501477 0.3847586297616766 0.22720285910915952
0 0.6847762392680923 0.12816056086993657 0.27221131771133505 0.38794228793419044
0 0.6847762392680923 0.3060929096402056 0.35332902583182474 0.2711697985414971
0 0.6847762392680923 0.1522967755981974 0.31255591893612383 0.29516940581709006
0 0.6847762392680923 0.22038541122417338 0.28727816284815777 0.47734048018206016
0 0.6847762392680923 0.22644758236050896 0.37834810594806695 0.33694452679068687
0 0.6847762392680923 0.37646026955016554 0.1974341153991806 0.32991740845004836
0 0.6847762392680923 0.34784855620820077 0.3574350434687348 0.24902855842577434
0 0.6847762392680923 0.27691262925989 0.2884613944331867 0.3343547200589318
0 0.6847762392680923 0.2077356746366725 0.2412217811293921 0.3946784397899976
1 0.6847762392680923 0.25487026368229654 0.3073033495467679 0.33037484850994364
2 0.6847762392680923 3.6396607490929314 4.337002650520177 3.5690049564852253
0 0.5967968069488078 0.19728489818351666 0.19001888306218886 0.2493880043491166
0 0.5967968069488078 0.3975748690382455 0.2998191092491717 0.2436346328472322
0 0.5967968069488078 0.38345039764710914 0.45772089367592494 0.3610164011408096
0 0.5967968069488078 0.35216420388961944 0.42545908845978475 0.417542146954872
0 0.5967968069488078 0.45317113394826214 0.3885497019700766 0.4809470758573957
0 0.5967968069488078 0.28895051078879597 0.33712335542459254 0.4176682957404812
0 0.5967968069488078 0.20946323458698807 0.32281567464785976 0.2391006816137506
0 0.5967968069488078 0.22226227486695252 0.3401873035912894 0.30318381287137935
0 0.5967968069488078 0.3538743138677997 0.3467856206535734 0.33337093729873285
0 0.5967968069488078 0.19033124028053905 0.2864727177936097 0.3079030793900213
1 0.5967968069488078 0.3048527077097828 0.3394952348528072 0.3353755068063791
2 0.5967968069488078 4.049955348723562 4.156317116864248 3.6109354325161975
0 0.723489881867969 0.18883326927570673 0.20480976394006384 0.11901682554573047
0 0.723489881867969 0.3560312735368914 0.2595797002500736 0.2052190126072075
0 0.723489881867969 0.2196807418919599 0.08953975129204693 0.09718922890961006
0 0.723489881867969 0.2144660374916787 0.35973051818371216 0.12751277195396513
0 0.723489881867969 0.2959216416467673 0.10764471919493075 0.08951596458352797
0 0.723489881867969 0.31195196041591017 0.4040399677119386 0.12235976563780467
0 0.723489881867969 0.2509655218386373 0.3002893547313545 0.17100431358658585
0 0.723489881867969 0.1446574728757152 0.10583587619788351 0.044558103133563974
0 0.723489881867969 0.1103746457944525 0.16762954834725546 0.14755553248025027
0 0.723489881867969 0.27834434999030067 0.21161007804276102 0.2618790812184655
1 0.723489881867969 0.23712269147580195 0.22107092778920207 0.13858105996567113
2 0.723489881867969 3.4928911546780426 3.028787432069549 1.7055479944886247
0 0.8449267657426814 0.24978371752239767 0.0965002690853995 0.05038693296793212
0 0.8449267657426814 0.1795764164079929 0.3947578814637522 0.1631605975081015
0 0.8449267657426814 0.11908192174520237 0.24460412071483367 0.1855086258007531
0 0.8449267657426814 0.20866584954782413 0.22192226616460772 0.13820188002424855
0 0.8449267657426814 0.2572994244490428 0.29725002989800803 0.1695718577405836
0 0.8449267657426814 0.24495519080271622 0.19613951142143082 0.18111621199297062
0 0.8449267657426814 0.20169060942888917 0.3801491867478857 0.34066408071066967
0 0.8449267657426814 0.187956831443386 0.23339738376595764 0.15564921754859595
0 0.8449267657426814 0.2373494480160753 0.22425546338188498 0.2278056119639931
0 0.8449267657426814 0.183495248614339 0.16510475150000117 0.08109290031591182
1 0.8449267657426814 0.2069854657977866 0.24540808641437617 0.169315791657376
2 0.8449267657426814 2.9846837106011774 3.4516782200458804 2.116577763248844
0 0.6616368078932902 0.17204466567091928 0.11284048656554106 0.042219403756444
0 0.6616368078932902 0.30362542082960803 0.20886144396157943 0.1380540617122412
0 0.6616368078932902 0.21505795497181882 0.23530264525194358 0.15112231312296698
0 0.6616368078932902 0.23032827150498844 0.17938730506371847 0.1437964625709805
0 0.6616368078932902 0.30089166766974623 0.19774356908820181 0.12615357782702957
0 0.6616368078932902 0.30280612449361033 0.2606699068585111 0.12218217144317207
0 0.6616368078932902 0.20023337889005008 0.33207902795626565 0.13320889092935012
0 0.6616368078932902 0.19890189682386133 0.18891744464074905 0.08695648114085155
0 0.6616368078932902 0.365091679212427 0.17657331240044954 0.19627432043900658
0 0.6616368078932902 0.34867093920105874 0.2655317643090731 0.13178941837397184
1 0.6616368078932902 0.26376519992680886 0.21579069060960326 0.12717571013160145
2 0.6616368078932902 4.199076086496582 3.103539685084559 1.530621204458488
0 0.883768546451152 0.21016328508831722 0.21816021206182626 0.10198316346184742
0 0.883768546451152 0.09137349653383386 0.11471932726858998 0.10187181389786056
0 0.883768546451152 0.17692051652279453 0.2119739986380093 0.08459911657289704
0 0.883768546451152 0.18883819158292844 0.2225903343939093 0.15126732157128644
0 0.883768546451152 0.20523044030763277 0.22926352115976165 0.18452175103927917
0 0.883768546451152 0.11478365518212554 0.1374568604779341 0.03902454020634042
0 0.883768546451152 0.10399815470600585 0.3066978525201007 0.1270913842685711
0 0.883768546451152 0.2149584844700794 0.19824087392803236 0.0678251903382541
0 0.883768546451152 0.13833877429319225 0.24177775840996563 0.16609106502382426
0 0.883768546451152 0.08502512722088805 0.27430268768366123 0.08404543205895872
1 0.883768546451152 0.15296301259077977 0.21551834265417907 0.11083207784391194
2 0.883768546451152 2.088546378595853 2.765062353891665 1.3780274911176067
0 0.7142815707010465 0.22492199599774204 0.3330591251594146 0.211801908971556
0 0.7142815707010465 0.26654639020421994 0.30039991643473124 0.04021532168732839
0 0.7142815707010465 0.3146492884737373 0.25318724467850856 0.20405502914939974
0 0.7142815707010465 0.21138255772964032 0.24719512095195084 0.1257199377391446
0 0.7142815707010465 0.29563432347967183 0.34538634472617613 0.23677662787270923
0 0.7142815707010465 0.24321864022178724 0.26556731777957726 0.03432718812460186
0 0.7142815707010465 0.2508246156669776 0.26413421926254094 0.18133292301020174
0 0.7142815707010465 0.24430363541124342 0.22310705402334136 0.12844805355790612
0 0.7142815707010465 0.1971583464179094 0.2062924830862606 0.048381708327208964
0 0.7142815707010465 0.24667251977238933 0.27690305223590733 0.1317092714965152
1 0.7142815707010465 0.24953123133753183 0.27152318783384094 0.1342767969936572
2 0.7142815707010465 3.584011801678404 3.7662721947120668 1.5490151305307056
0 0.8596932586197717 0.15547214806614149 0.2005516003361199 0.30284784439761503
0 0.8596932586197717 0.24369923175202016 0.3109477866406705 0.12329009705655498
0 0.8596932586197717 0.2785034055656179 0.24679186346771947 0.19389258920583588
0 0.8596932586197717 0.1686240879731297 0.19143989333871103 0.07325258972162532
0 0.8596932586197717 0.2008604202100617 0.2404359892676002 0.1574849186979559
0 0.8596932586197717 0.18581754505480141 0.2835681980647348 0.33995431655722846
0 0.8596932586197717 0.19629483507964415 0.25059908958258453 0.17249960811327328
0 0.8596932586197717 0.05397635811984307 0.24507363718698888 0.08087774206384596
0 0.8596932586197717 0.20107091831725413 0.2990727685510219 0.13436074450168067
0 0.8596932586197717 0.197944548221837 0.17251891513931808 0.17969965208147054
1 0.8596932586197717 0.18822634983603506 0.24409997415754697 0.1758160102397086
2 0.8596932586197717 2.6223003950502797 3.371853329353742 1.835950400810899
0 0.9043060775696699 0.23416781583473942 0.28027303978727375 0.12488294037147482
0 0.9043060775696699 0.19216890061068748 0.24420709872477264 0.20475127419080533
0 0.9043060775696699 0.19919205289191644 0.3111869059101349 0.43530150548668095
0 0.9043060775696699 0.2871834192872197 0.19429536809219686 0.15306171234449223
0 0.9043060775696699 0.10768036417745731 0.16419393725184853 0.1729404251983357
0 0.9043060775696699 0.1741238121546808 0.2178858684986551 0.13550684818129255
0 0.9043060775696699 0.09838480382258825 0.13674395926698749 0.1429321204674344
0 0.9043060775696699 0.1867661190804721 0.14559107250316927 0.03312250313157464
0 0.9043060775696699 0.16379902966584667 0.17492586460481027 0.12916456507810237
0 0.9043060775696699 0.1818310625222417 0.2735456665525075 0.19298665633593862
1 0.9043060775696699 0.18252973800478497 0.2142848781192356 0.17246505507861315
2 0.9043060775696699 2.7271646408353067 2.9133147534348858 1.9649482512424412
0 0.896385143853316 0.1099346263725871 0.2257655552357225 0.1672350173448716
0 0.896385143853316 0.13352166449142364 0.11096023506485879 0.11449645660326192
0 0.896385143853316 0.12309290094153212 0.25037355970827924 0.10558825463376725
0 0.896385143853316 0.1899528304197899 0.21955967002070323 0.0023483460718385233
0 0.896385143853316 0.274378148211509 0.15075900771152606 0.09853928303879485
0 0.896385143853316 0.24558618968045054 0.2352077874401529 0.010908155138717719
0 0.896385143853316 0.20359416529240942 0.1475926954301285 0.05755283772831805
0 0.896385143853316 0.2370823551903817 0.30060087581874445 0.02805438999372205
0 0.896385143853316 0.35852479682086374 0.14946962835487138 0.0792604876491325
0 0.896385143853316 0.20975681394710027 0.1267529470262144 0.035501454798368484
1 0.896385143853316 0.20854244913680478 0.19170419618112014 0.06994846830007931
2 0.896385143853316 2.997540877586073 2.6994904838052376 0.88538672440233
0 0.9297823551975157 0.266021496713148 0.33377395455364356 0.10727422778822727
0 0.9297823551975157 0.17055174354239291 0.30808776350976796 0.0890608212235785
0 0.9297823551975157 0.2569645290793711 0.2939256357578939 0.16075886502792067
0 0.9297823551975157 0.30506860149275516 0.3576718903871258 0.17445166761300748
0 0.9297823551975157 0.1787318484310309 0.273170535638231 0.1275742535645529
0 0.9297823551975157 0.13388895604142245 0.25086193699648374 0.07822170041835246
0 0.9297823551975157 0.13918276176995453 0.20106873763450595 0.09741063759436515
0 0.9297823551975157 0.1825732818424445 0.19417774612402997 0.1263504315362828
0 0.9297823551975157 0.2731983084198821 0.24711704958292954 0.10543040108089223
0 0.9297823551975157 0.19513268584093 0.27012566510640906 0.11078322274871757
1 0.9297823551975157 0.21013142131733317 0.27299809152910204 0.11773162285958969
2 0.9297823551975157 3.239298417653379 3.7112549614920463 1.4173024977223498
0 0.9656975880160236 0.1408480810857154 0.2099161242015145 0.07095152694595508
0 0.9656975880160236 0.085822747867574 0.29309342684654716 0.18295633792369362
0 0.9656975880160236 0.2336905618471563 0.27386538345028016 0.15831232040477
0 0.9656975880160236 0.16834903875299045 0.16882514454389302 0.06744203642504824
0 0.9656975880160236 0.09606376326935037 0.19607700064715405 0.19035344416161848
0 0.9656975880160236 0.10834184465250517 0.1932283532417487 0.14838719775602646
0 0.9656975880160236 0.22530149992789283 0.2901261574240109 0.005138766193525554
0 0.9656975880160236 0.13781212125023118 0.03196637878165412 0.062183364873056285
0 0.9656975880160236 0.21161400999784802 0.0875809394313936 0.04698211371382708
0 0.9656975880160236 0.10581039264400087 0.21245578220780273 0.08707899332654238
1 0.9656975880160236 0.15136540612952645 0.1957134690775999 0.10197861017240632
2 0.9656975880160236 2.311143256804203 2.8680475540352495 1.4111821619189855
0 1.2782058080515872 0.11510925285856995 0.19486376569890243 0.03305906293933681
0 1.2782058080515872 0.017515219699795862 0.27966327767714105 0.013866537020750424
0 1.2782058080515872 0.07555166755316228 0.23692126479214393 0.028956344925199443
0 1.2782058080515872 0.07604212092276828 0.2972370160126965 0.1071759085831872
0 1.2782058080515872 0.13809796765800372 0.3593375085914664 0.06773448246845756
0 1.2782058080515872 0.2320081525446513 0.2547473470184089 0.049124925355856275
0 1.2782058080515872 0.07300332182821978 0.13319278105382995 0.013589841705867427
0 1.2782058080515872 0.09312527104822614 0.21200870487385223 0.12909520733191787
0 1.2782058080515872 0.14808963502037886 0.32905771415423435 0.03351038921479391
0 1.2782058080515872 0.1740622306919365 0.1453619282684215 0.0034712279452425035
1 1.2782058080515872 0.11426048398257127 0.24423913081410972 0.04795839274906095
2 1.2782058080515872 1.6299915798814517 3.384668759106229 0.5423895778151799
0 1.135508356492528 0.1594870532524369 0.13841082759365195 0.011915289015855856
0 1.135508356492528 0.1478177530685916 0.2089798572643208 0.0143823259536545
0 1.135508356492528 0.16280311104076425 0.17713027559523897 0.04099766897726621
0 1.135508356492528 0.045999796063419654 0.15780240434286968 0.020753006944996894
0 1.135508356492528 0.07525872954128172 0.17795944239101594 0.01685517321924332
0 1.135508356492528 0.10624316641298048 0.28051229763081525 0.0645507983701048
0 1.135508356492528 0.07877905984762516 0.16172726997783016 0.03234431477773314
0 1.135508356492528 0.1339561019012869 0.18456469320430088 0.040941628580925385
0 1.135508356492528 0.06114920460587102 0.13769065050625295 0.058411153644449994
0 1.135508356492528 0.10808222591942057 0.1912375914131111 0.008758527150086376
1 1.135508356492528 0.10795762016536783 0.18160153099194076 0.03099098866343165
2 1.135508356492528 1.6090962157006055 2.778509163323284 0.4288556630041228
0 1.130967951724015 0.136957781666866 0.21084924305492833 0.12182547147628311
0 1.130967951724015 0.16264880168315252 0.22109966648836846 0.054423349394973494
0 1.130967951724015 0.12961801928540376 0.22700588611029177 0.09274459478729884
0 1.130967951724015 0.16273288475205144 0.16966312484148346 0.10522474008924854
0 1.130967951724015 0.1725054239542656 0.15056147690720295 0.19662319935148434
0 1.130967951724015 0.1444273113540527 0.14961470001405122 0.05649621881887101
0 1.130967951724015 0.1864530448133771 0.12472907191317555 0.17772497757323774
0 1.130967951724015 0.2286698856284466 0.06490606740523774 0.08985921738179724
0 1.130967951724015 0.13576531119785828 0.14624851339262018 0.15085412330921927
0 1.130967951724015 0.1102182736072691 0.14642508159316733 0.09760650198444074
1 1.130967951724015 0.15699967379427432 0.1611102831720527 0.11433823941668544
2 1.130967951724015 2.4828192549812704 2.455575268021112 1.556978824096768
0 1.129856637774651 0.11958624934860787 0.053753924169351895 0.14810440964435895
0 1.129856637774651 0.1474909213786963 0.17235434990760487 0.11983751042678879
0 1.129856637774651 0.16469238440725967 0.19730288916598226 0.1113940902100544
0 1.129856637774651 0.20157254821093545 0.11797768799920956 0.08349184450962183
0 1.129856637774651 0.045555488023691436 0.07510643946520151 0.13674428038495334
0 1.129856637774651 0.05944563394057539 0.03802987451848505 0.14619842261232022
0 1.129856637774651 0.2020307276990725 0.15118864206013827 0.16250336225976406
0 1.129856637774651 0.08314900292579253 0.10838294642877339 0.0963066240441292
0 1.129856637774651 0.1439798400653622 0.23852203582131543 0.10203431807610595
0 1.129856637774651 0.2661436922337858 0.18694787403881655 0.10576440899755846
1 1.129856637774651 0.14336464882337793 0.13395666635748787 0.12123792711656552
2 1.129856637774651 2.282634922459901 2.0672078628825625 1.6392004677438567
0 0.9933183631606591 0.14064923283267655 0.19655866987866075 0.05910512801756333
0 0.9933183631606591 0.16187047817943523 0.17700302417039485 0.013804222124263545
0 0.9933183631606591 0.0827509807202393 0.03600067864140159 0.07134266746763519
0 0.9933183631606591 0.07045032968628168 0.11197869279666281 0.09550196152890283
0 0.9933183631606591 0.10795640396712987 0.1630154134261187 0.041389167441571395
0 0.9933183631606591 0.06343160810128254 0.15061134756095976 0.01741612969273833
0 0.9933183631606591 0.14524779667431204 0.18991090251120643 0.01523476301826315
0 0.9933183631606591 0.08064946067588424 0.13559060849005064 0.08327412303232033
0 0.9933183631606591 0.08691779527589456 0.2033401437827775 0.08194029949328074
0 0.9933183631606591 0.11487538752830198 0.10418195229299752 0.09696047353301858
1 0.9933183631606591 0.10547994736414382 0.14681914335512306 0.05759689353495574
2 0.9933183631606591 1.554828110412148 2.1059936539150916 0.7606868865847398
0 1.4058474720694856 0.06103433437419948 0.09559568347629274 0.24158821047368825
0 1.4058474720694856 0.03296643673162496 0.03377109931241108 0.15744720811991292
0 1.4058474720694856 0.10433936659085391 0.14109325851224808 0.04014181819641938
0 1.4058474720694856 0.022640192953391054 0.07199701965408821 0.056768838562318416
0 1.4058474720694856 0.08373389067484249 0.08874607550884761 0.077152423533489
0 1.4058474720694856 0.034727938473146786 0.05953604660374623 0.06654323934114525
0 1.4058474720694856 0.08317978787330493 0.07040883611681495 0.0886182253046747
0 1.4058474720694856 0.12997378077794736 0.01676727452744857 0.06826109948791806
0 1.4058474720694856 0.1062573748739833 0.11554033426377033 0.09685829254789002
0 1.4058474720694856 0.05113295742843678 0.0878606670798832 0.07375162664679343
1 1.4058474720694856 0.07099860607517311 0.07813162950555509 0.09671309822142495
2 1.4058474720694856 1.010552156813796 1.2097228091245809 1.0347938846168945
0 1.2865819316970122 0.16303203217735895 0.15930414566601955 0.10113509195606707
0 1.2865819316970122 0.060624029323428745 0.14374335444916392 0.14828740284201952
0 1.2865819316970122 0.06227849940679317 0.10558981681023585 0.012362192048062033
0 1.2865819316970122 0.14380045316614107 0.14000502296998446 0.01856484801534681
0 1.2865819316970122 0.04079838552375239 0.03571457920229285 0.018409525109825912
0 1.2865819316970122 0.07581680399324303 0.04957233588024043 0.056211689193272865
0 1.2865819316970122 0.09708953710963202 0.2563650618261122 0.04360017014821571
0 1.2865819316970122 0.07055749240858385 0.1367583128471544 0.06359862268151124
0 1.2865819316970122 0.12020218533107828 0.1746559007751964 0.014663589994581809
0 1.2865819316970122 0.0939832432725074 0.10569636773757964 0.013909707227204969
1 1.2865819316970122 0.0928182661712519 0.130740489816398 0.04907428392161079
2 1.2865819316970122 1.3134215810051977 2.167957008466361 0.5776006616396485
0 1.3040460695605884 0.034955930341690845 0.00893046945947799 0.04090939725609294
0 1.3040460695605884 0.11789679291092188 0.10342377594796306 0.10416476306031673
0 1.3040460695605884 0.14052890468154297 0.2056217533841347 0.12418083682392807
0 1.3040460695605884 0.15461164166759794 0.16513471747458602 0.10105911996148104
0 1.3040460695605884 0.07899512921055286 0.2667510405054335 0.1315705905549214
0 1.3040460695605884 0.1809035355587253 0.19017735557587567 0.05263025752321747
0 1.3040460695605884 0.061641359467928564 0.20773791420791402 0.06453178303649124
0 1.3040460695605884 0.12169889994097594 0.16069546004449076 0.09663376959814741
0 1.3040460695605884 0.05261134472032251 0.10770131521888365 0.11872018892930827
0 1.3040460695605884 0.021982406406240673 0.14849173112121425 0.09952845598577134
1 1.3040460695605884 0.09658259449064996 0.15646655329399733 0.09339291627296759
2 1.3040460695605884 1.4893141819371454 2.4413546521588465 1.4359439022467266
0 1.3013625676482412 0.02020942976727459 0.09238240450624077 0.18642754565473146
0 1.3013625676482412 0.14317021475292283 0.12010627686180347 0.09366804729243504
0 1.3013625676482412 0.10609795082684537 0.03074476057166931 0.13189358938551643
0 1.3013625676482412 0.10021403956601363 0.10408609915529927 0.15283656342946372
0 1.3013625676482412 0.07099008828993962 0.11671625521532292 0.10903605482895298
0 1.3013625676482412 0.08223813734496906 0.14373100851437748 0.032672052769118685
0 1.3013625676482412 0.06586704032806677 0.08312871243215483 0.06085884546159493
0 1.3013625676482412 0.13777115989334446 0.0730260041189939 0.06964368945987927
0 1.3013625676482412 0.10872328103219119 0.16351352681339867 0.07575450637754186
0 1.3013625676482412 0.006348802811687619 0.3367501800136873 0.0620615472891992
1 1.3013625676482412 0.0841630144613255 0.1264185228202948 0.09748524419484336
2 1.3013625676482412 1.1217363919555723 1.5115996641943128 1.1671572264350378
0 1.3557620583567747 0.10319767549855505 0.14059825222702949 0.04763411351426975
0 1.3557620583567747 0.10637773273444684 0.22409484042198924 0.04014244270048244
0 1.3557620583567747 0.197464577175384 0.09999484697482719 0.12452606292507035
0 1.3557620583567747 0.1208658938519153 0.14071832756979152 0.14154403811510644
0 1.3557620583567747 0.18425619786184447 0.09488745985553226 0.07418317850263367
0 1.3557620583567747 0.03024907131257494 0.0932773142880114 0.05879374492625215
0 1.3557620583567747 0.15136725266319945 0.1942306884877323 0.029993581077501653
0 1.3557620583567747 0.07662559081929196 0.10808698517084928 0.09313473416741712
0 1.3557620583567747 0.14262305244015505 0.23845398256194467 0.1517707943179148
0 1.3557620583567747 0.0789015446959081 0.14719788327584718 0.09426017898504953
1 1.3557620583567747 0.11919285890532752 0.14815405808335544 0.08559828692316981
2 1.3557620583567747 1.7679921204018936 1.9876375261497774 1.230377679364999
0 1.5292048880080624 0.025734814401256217 0.13927590195618977 0.14693394582713648
0 1.5292048880080624 0.03098562957630796 0.10100768253067406 0.08088269377487822
0 1.5292048880080624 0.08093430177744436 0.020698223157107114 0.09339538125074746
0 1.5292048880080624 0.1168078234995925 0.11236928193643955 0.01310170917552885
0 1.5292048880080624 0.11370326983490452 0.09445102265541602 0.0792901957370735
0 1.5292048880080624 0.07070724843362358 0.1387855695891521 0.004623030337818548
0 1.5292048880080624 0.019560704270958133 0.04966269298889668 0.024774712790760545
0 1.5292048880080624 0.06618065350729904 0.16402107559314766 0.00022014564305334114
0 1.5292048880080624 0.11963834257160366 0.07730261007616897 0.04901441352804738
0 1.5292048880080624 0.07959904732373178 0.1161198255287268 0.0
1 1.5292048880080624 0.07238518351967219 0.10136938860119189 0.04922362280650443
2 1.5292048880080624 0.9760512249542345 1.5680827466405127 0.6088026214431774
0 1.4385987070970216 0.026781518370115505 0.03911873912180222 0.03631731674427467
0 1.4385987070970216 0.09463027202445455 0.1095202917505303 0.020109201140028274
0 1.4385987070970216 0.2693779668194916 0.038534807771851504 0.01834869242714555
0 1.4385987070970216 0.05558375325805759 0.01073104087664288 0.0031949600250566887
0 1.4385987070970216 0.01527124735412377 0.16620293252177676 0.016825195158743988
0 1.4385987070970216 0.09174395574843898 0.056813176636641295 0.0603999753585736
0 1.4385987070970216 0.06706631410942286 0.12969157699189943 0.050979145244083146
0 1.4385987070970216 0.06554403149524157 0.09551407640618735 0.01654007567177783
0 1.4385987070970216 0.08904670948099326 0.021510130990648062 0.008215838544018889
0 1.4385987070970216 0.0635575448450161 0.05008143941292539 0.06786038149881315
1 1.4385987070970216 0.08386033135053558 0.07177182124809052 0.029879078181251583
2 1.4385987070970216 1.1818883727209506 1.0497698775728401 0.41949960348019016
0 1.6441403789353617 0.02402872665526932 0.08017527471286219 0.0
0 1.6441403789353617 0.07346790650035127 0.07021088771609418 0.031580012413477784
0 1.6441403789353617 0.023482545789393704 0.1443810808997572 0.06442981935279042
0 1.6441403789353617 0.15966339673142438 0.05418746494946771 0.009443861705441906
0 1.6441403789353617 0.12637323874153422 0.1871246431666405 0.02841795216123165
0 1.6441403789353617 0.0747233634937459 0.08532976832796395 0.0033944441816848407
0 1.6441403789353617 0.07787161207009392 0.05053894502120376 0.0
0 1.6441403789353617 0.006171797110844762 0.12577968343895432 0.1161044829098034
0 1.6441403789353617 0.192372588851453 0.17885233397850067 0.0222090789254238
0 1.6441403789353617 0.024567064613562166 0.020502923442024912 0.01596637012088787
1 1.6441403789353617 0.07827222405576727 0.09970830056534694 0.02915460217707417
2 1.6441403789353617 1.0965682307672797 1.1142107183644643 0.3755038105822633
0 1.6826221345073649 0.10298263578577363 0.18411594553408606 0.11460886712438187
0 1.6826221345073649 0.02371267276262703 0.23777424975363096 0.030139700104351578
0 1.6826221345073649 0.036765537836352793 0.11058431242477146 0.07279563523450835
0 1.6826221345073649 0.09599562234450906 0.09342177703188746 0.07359668215308007
0 1.6826221345073649 0.07866268108153193 0.008504295241426232 0.0744522471985782
0 1.6826221345073649 0.1129077637170216 0.121884220044837 0.12846854880683709
0 1.6826221345073649 0.07917676906032085 0.07873557847074286 0.1316374040455838
0 1.6826221345073649 0.02279439663409882 0.09375908629213425 0.03850195267880925
0 1.6826221345073649 0.11835497538989705 0.03440613551163788 0.028160524721480902
0 1.6826221345073649 0.015650913508949565 0.03641721390028162 0.08430469940081296
1 1.6826221345073649 0.06870039681210824 0.09996028142054356 0.07766662614684242
2 1.6826221345073649 0.8531053415067547 1.404428032151473 0.9717932240744644
0 1.6687525073881038 0.05586194916450213 0.03833432498050507 0.02097955412660622
0 1.6687525073881038 0.0674673046981772 0.044986835994190844 0.0136693727415444
0 1.6687525073881038 0.0 0.009661364707340907 0.0710199738479184
0 1.6687525073881038 0.05811676395534152 0.10917664117132432 0.0030588567307941487
0 1.6687525073881038 0.02433306771003814 0.07827254586457648 0.0880222584854602
0 1.6687525073881038 0.0 0.09385311190630242 0.014506788713457586
0 1.6687525073881038 0.0128290412658986 0.11317838689406022 0.05767342394974757
0 1.6687525073881038 0.11335041359911069 0.06775485636595538 0.1380024332632682
0 1.6687525073881038 0.009444261396503902 0.006589810389103471 0.014466282118561767
0 1.6687525073881038 0.00355888661627084 0.09068709238775566 0.1011995965352063
1 1.6687525073881038 0.034496168840584304 0.06524949706611147 0.05225985405125648
2 1.6687525073881038 0.41297901524874125 0.7637497117094542 0.5741251995495048
0 1.634294614878694 0.04248165200821173 0.03872045577355039 0.01361949824776925
0 1.634294614878694 0.0 0.03959869485219493 0.11585131178949873
0 1.634294614878694 0.0 0.09570469175897492 0.005791649993279503
0 1.634294614878694 0.19022193537080712 0.16672594132768895 0.021771992216215803
0 1.634294614878694 0.05882980765130275 0.21776344326217717 0.0
0 1.634294614878694 0.06981503888121147 0.0452425593123759 0.0
0 1.634294614878694 0.053495810497542776 0.08912171147273946 0.0
0 1.634294614878694 0.0 0.0375144223014447 0.024657493880675493
0 1.634294614878694 0.07895517585765052 0.18946751813042972 0.07111627167066137
0 1.634294614878694 0.19155893429006643 0.11214725332354185 0.06938727398463176
1 1.634294614878694 0.06853583545567929 0.1032006691515118 0.03221954917827319
2 1.634294614878694 0.9264064248053854 1.2406594977750072 0.3496101059327222
0 1.465330138646627 0.018892671063476432 0.016135630094348236 0.05003712419116408
0 1.465330138646627 0.09239172513348652 0.14853285350430395 0.03352050825830385
0 1.465330138646627 0.1171075236656207 0.16376200710698785 0.01577925026778891
0 1.465330138646627 0.08379382991180187 0.09689381950246742 0.0
0 1.465330138646627 0.07509827998779148 0.04362005105050337 0.01462233503736156
0 1.465330138646627 0.07987210816630405 0.12174589039417187 0.05685870747680497
0 1.465330138646627 0.055793324768307034 0.06229150928872472 0.018360824781325207
0 1.465330138646627 0.12483760885612817 0.10500046668885105 0.04127197281267482
0 1.465330138646627 0.04847541716023122 0.08737257673018725 0.033515095609685755
0 1.465330138646627 0.23323715315073346 0.16055106389633717 0.00925754664001073
1 1.465330138646627 0.0929499641863881 0.10059058682568829 0.027322336507511986
2 1.465330138646627 1.2426928485510391 1.3963206886181827 0.3371612691645162
0 1.7982614051149757 0.019550093674224726 0.155954327129773 0.0
0 1.7982614051149757 0.03593675146822724 0.0005151264038170988 0.019564064000359236
0 1.7982614051149757 0.11298875317991633 0.07143173678940354 0.030825623655048432
0 1.7982614051149757 0.006891399904533827 0.0 0.007523095655637015
0 1.7982614051149757 0.0 0.0732621593865763 0.002256060232844042
0 1.7982614051149757 0.014336428748094909 0.06282682112510665 0.020344499741166176
0 1.7982614051149757 0.06894393563240798 0.0 0.009906974426271245
0 1.7982614051149757 0.002356121043392728 0.10010697318911037 0.030488082307722333
0 1.7982614051149757 0.05842993484945376 0.020933484005191304 0.09521173583051055
0 1.7982614051149757 0.04045708706149247 0.05543248146881434 0.0
1 1.7982614051149757 0.03598905055617439 0.05404631094977926 0.021612013584955903
2 1.7982614051149757 0.452794304837994 0.7231968071580976 0.3361512246462011
0 1.604137772473621 0.038419113133022736 0.03274305465574083 0.0
0 1.604137772473621 0.07813947062559116 0.06686237114455791 0.0028858921916288835
0 1.604137772473621 0.13801655725432269 0.12903528142377055 0.061245381398107715
0 1.604137772473621 0.004580952404347231 0.10171435304755967 0.0
0 1.604137772473621 0.014377561032302208 0.0 0.07522819286533908
0 1.604137772473621 0.07020886706788264 0.07739161134003861 0.11702490515206472
0 1.604137772473621 0.03095776986241975 0.040546087636539115 0.0
0 1.604137772473621 0.04954295132140399 0.020022747707540974 0.0813085846891198
0 1.604137772473621 0.0768182933661467 0.11589251086220648 0.005838584991292124
0 1.604137772473621 0.023806915277836026 0.047601686678462464 0.020217292317321865
1 1.604137772473621 0.05248684513452752 0.06318097044964165 0.03637488336048742
2 1.604137772473621 0.7633362855837738 0.8497178988693918 0.5252497396903231
0 1.8066689741120459 0.00044650585586922384 0.05625005362861001 0.04583701025082574
0 1.8066689741120459 0.019964244032652647 0.14249354829404723 0.03031083639482336
0 1.8066689741120459 0.0017715944302613338 0.11135529561725171 0.0
0 1.8066689741120459 0.11673990699633147 0.17708288535865344 0.003840037128240445
0 1.8066689741120459 0.023484328267610866 0.1314733521593471 0.03946240327195863
0 1.8066689741120459 0.033837606901039714 0.1315862055352804 0.19364978719860484
0 1.8066689741120459 0.031653506051513756 0.08126651879021589 0.08794695532765064
0 1.8066689741120459 0.07740086814722447 0.056871368771127355 0.02052182849717806
0 1.8066689741120459 0.0 0.00907398860910888 0.0126904564764389
0 1.8066689741120459 0.04724198598873948 0.013787459297334244 0.0
1 1.8066689741120459 0.03525405466712429 0.09112406760609763 0.04342593145457206
2 1.8066689741120459 0.41447744767965944 1.3632086563005292 0.5368163276812753
