0.0 13.875 13.5625 10.1075
0.0 14.4 14.005 10.01
0.0 14.445 13.845 10.3575
0.0 13.7575 13.81 10.335
0.0 13.545 13.575 10.045
0.0 14.1125 14.275 10.0825
0.0 13.645 13.735 10.025
0.0 14.1275 13.9575 10.185
0.0 13.6725 13.8 9.9175
0.0 13.84 14.2725 9.9675
0.1 12.825 12.8675 8.8375
0.1 12.2575 12.465 8.7875
0.1 12.025 11.675 8.7625
0.1 11.6725 12.04 8.5575
0.1 12.3175 12.05 8.385
0.1 12.825 12.6875 9.1825
0.1 12.4325 11.7275 9.11
0.1 12.7175 12.545 8.1325
0.1 11.565 12.3625 8.1375
0.1 12.3275 12.1475 8.9825
0.2 11.115 10.9725 6.4975
0.2 10.6225 11.0925 7.135
0.2 9.3425 10.5975 7.6575
0.2 10.635 11.2625 7.11
0.2 10.0725 11.1625 7.3775
0.2 10.91 10.275 7.29
0.2 10.65 11.33 7.57
0.2 11.595 10.8925 6.8725
0.2 11.1975 10.855 8.005
0.2 10.715 11.81 6.93
0.3 8.855 9.5375 5.5725
0.3 9.295 8.0125 5.68
0.3 8.6425 9.7075 5.1275
0.3 9.6375 9.24 5.735
0.3 8.7925 8.8875 6.37
0.3 9.0475 9.5775 6.9
0.3 9.675 9.06 5.6375
0.3 9.47 8.515 6.46
0.3 9.8575 9.675 6.0625
0.3 8.6625 9.6675 4.985
0.4 8.0625 8.865 4.785
0.4 8.42 7.8025 5.6825
0.4 8.14 8.715 4.475
0.4 7.34 8.1875 3.8125
0.4 8.7625 9.55 4.6425
0.4 8.035 8.105 5.3075
0.4 8.2225 8.265 4.9775
0.4 7.3925 8.5325 4.4125
0.4 9.15 8.155 5.3175
0.4 9.0425 9.095 5.2275
0.5 7.615 7.9125 3.95
0.5 7.5775 9.5025 4.66
0.5 7.225 7.2175 2.8575
0.5 7.735 6.9 3.8175
0.5 7.9375 7.4625 4.335
0.5 7.3125 6.745 4.1425
0.5 4.98 7.8425 4.355
0.5 6.8125 7.7325 4.825
0.5 6.8 7.665 4.11
0.5 7.6525 7.6675 2.97
0.6 6.39 6.2125 3.1875
0.6 6.6025 6.7675 3.3875
0.6 6.33 6.775 4.795
0.6 5.5625 6.46 2.9725
0.6 5.9825 6.7575 4.42
0.6 5.6725 7.4675 3.61
0.6 5.6875 6.445 2.7575
0.6 6.295 6.09 3.08
0.6 5.3725 5.43 4.275
0.6 5.1725 6.9375 3.2875
0.7 4.7375 5.7275 2.3375
0.7 4.88 5.525 2.81
0.7 3.89 5.7875 3.1225
0.7 5.17 6.205 2.4125
0.7 6.1125 6.1525 2.3225
0.7 6.03 7.63 2.78
0.7 6.5025 5.9075 2.6825
0.7 4.02 5.9575 2.7075
0.7 5.085 6.1225 2.6225
0.7 5.6775 6.045 3.1625
0.8 3.4025 4.985 2.03
0.8 4.27 6.55 3.0
0.8 3.785 5.9325 2.2775
0.8 4.21 3.5825 2.5375
0.8 3.7325 4.55 2.4575
0.8 5.0925 5.3875 1.7925
0.8 4.305 4.7875 2.1575
0.8 3.395 4.54 2.445
0.8 4.6625 4.635 2.7325
0.8 3.56 4.5725 1.2525
0.9 4.32 3.6725 1.785
0.9 4.7125 3.2825 1.845
0.9 4.3225 3.81 1.6975
0.9 4.9675 5.71 1.355
0.9 3.115 4.37 1.405
0.9 3.005 6.8475 0.9
0.9 4.015 2.9575 1.84
0.9 2.365 4.8375 2.235
0.9 3.3825 4.8625 0.9025
0.9 2.93 2.8425 1.025
1.0 1.4775 3.84 2.4575
1.0 2.5275 3.2375 1.625
1.0 3.1475 4.055 0.8975
1.0 1.9125 2.505 2.4475
1.0 2.9025 4.805 1.295
1.0 4.04 2.7375 1.34
1.0 2.15 2.9625 1.595
1.0 3.435 3.3325 1.685
1.0 3.285 2.635 1.19
1.0 2.3625 4.9925 1.0925
