0.0 4 14.125 13.5 7.25
0.0 4 13.875 21.875 11.5
0.0 4 10.375 17.0 5.75
0.0 4 11.75 13.125 7.75
0.0 4 9.25 8.625 8.75
0.0 4 12.625 16.875 8.625
0.0 4 10.875 13.625 7.125
0.0 4 10.375 7.625 6.5
0.0 4 12.875 13.375 10.0
0.0 4 11.75 10.625 10.125
0.0 4 9.625 8.75 8.375
0.0 4 10.5 12.375 6.5
0.0 4 10.75 12.75 10.625
0.0 4 14.5 13.5 7.0
0.0 4 14.0 15.125 9.125
0.0 4 9.25 14.625 7.375
0.0 4 10.375 10.625 10.25
0.0 4 12.5 11.75 7.5
0.0 4 13.875 9.0 2.25
0.0 4 15.375 18.375 10.625
0.0 4 12.5 11.875 11.5
0.0 4 13.0 14.25 12.125
0.0 4 9.75 11.75 9.0
0.0 4 10.875 10.875 8.5
0.0 4 11.25 8.125 6.125
0.0 4 17.625 10.5 6.625
0.0 4 17.75 16.75 9.625
0.0 4 13.875 16.125 9.0
0.0 4 12.875 12.875 6.375
0.0 4 12.625 7.125 7.5
0.0 4 12.5 10.0 10.0
0.0 4 10.375 9.375 7.25
0.0 4 9.375 8.625 6.375
0.0 4 15.25 10.25 6.625
0.0 4 10.875 10.25 11.375
0.0 4 15.25 17.125 11.25
0.0 4 13.625 12.0 12.625
0.0 4 16.375 14.25 9.625
0.0 4 12.0 8.875 10.0
0.0 4 15.25 5.625 5.375
0.0 4 11.5 11.125 9.5
0.0 4 10.875 13.25 6.5
0.0 4 15.375 10.875 7.5
0.0 4 14.5 19.375 9.875
0.0 4 11.375 18.25 7.75
0.0 4 14.25 14.75 10.25
0.0 4 12.875 14.75 10.125
0.0 4 9.75 10.875 9.5
0.0 4 12.375 11.25 6.125
0.0 4 13.875 14.375 12.875
0.0 4 14.5 16.5 7.875
0.0 4 12.0 13.125 11.0
0.0 4 9.5 10.375 11.0
0.0 4 12.875 12.75 8.875
0.0 4 11.375 13.875 9.0
0.0 4 9.375 10.375 5.0
0.0 4 10.125 10.75 8.125
0.0 4 7.5 5.5 6.5
0.0 4 10.75 12.375 9.875
0.0 4 11.75 7.625 9.0
0.0 4 12.75 9.75 9.125
0.0 4 9.75 12.625 9.75
0.0 4 12.625 11.5 11.125
0.0 4 12.0 16.125 9.25
0.0 4 10.25 12.5 5.25
0.0 4 8.125 13.875 4.625
0.0 4 12.25 11.0 7.625
0.0 4 15.25 11.625 7.625
0.0 4 10.625 7.75 6.25
0.0 4 10.75 12.875 4.5
0.0 4 13.0 13.375 9.125
0.0 4 12.125 9.875 11.0
0.0 4 14.25 14.125 11.75
0.0 4 13.25 12.875 5.875
0.0 4 11.625 12.375 5.5
0.0 4 8.25 7.125 8.5
0.0 4 6.5 9.75 7.375
0.0 4 10.375 10.125 11.25
0.0 4 14.5 14.375 9.125
0.0 4 7.625 11.75 5.125
0.0 4 13.625 12.75 8.0
0.0 4 11.25 11.75 6.0
0.0 4 10.25 7.5 11.125
0.0 4 11.375 11.25 9.75
0.0 4 14.25 19.5 7.75
0.0 4 14.875 12.375 13.25
0.0 4 12.125 16.125 3.625
0.0 4 17.625 12.125 13.25
0.0 4 9.375 10.375 11.875
0.0 4 12.5 10.5 8.5
0.0 4 12.0 7.625 3.25
0.0 4 16.625 14.0 6.5
0.0 4 12.5 16.375 7.75
0.0 4 16.0 13.5 8.5
0.0 4 11.5 9.5 8.5
0.0 4 12.625 13.125 8.75
0.0 4 11.0 9.5 5.125
0.0 4 12.125 17.125 8.625
0.0 4 12.625 12.125 9.75
0.0 4 11.5 14.375 11.125
0.0 4 11.125 12.25 8.375
0.0 4 10.5 12.125 9.5
0.0 4 16.0 10.5 7.25
0.0 4 10.0 10.75 4.125
0.0 4 12.625 12.5 11.125
0.0 4 6.25 11.125 6.0
0.0 4 11.375 11.5 8.875
0.0 4 9.5 6.875 5.25
0.0 4 13.875 15.0 8.75
0.0 4 15.75 15.5 8.125
0.0 4 12.875 13.625 10.0
0.0 4 11.625 11.5 5.125
0.0 4 11.875 13.5 9.125
0.0 4 12.0 14.875 6.75
0.0 4 10.0 10.625 6.0
0.0 4 13.125 13.0 11.125
0.0 4 10.25 11.25 8.875
0.0 4 11.5 13.625 8.5
0.0 4 15.875 16.875 10.875
0.0 4 11.375 8.625 7.625
0.0 4 13.0 14.25 6.375
0.0 4 17.625 10.75 9.375
0.0 4 8.375 8.875 6.5
0.0 4 7.875 10.5 11.375
0.0 4 12.375 9.375 8.375
0.0 4 6.75 13.5 12.75
0.0 4 10.125 16.875 7.375
0.0 4 9.75 9.875 9.875
0.0 4 17.125 16.0 8.5
0.0 4 8.0 6.375 8.625
0.0 4 11.375 12.25 6.25
0.0 4 11.125 16.625 8.75
0.0 4 13.875 14.75 10.0
0.0 4 13.375 11.125 3.875
0.0 4 11.125 12.375 8.25
0.0 4 12.625 12.375 12.375
0.0 4 12.125 13.875 7.75
0.0 4 13.125 13.375 13.375
0.0 4 7.5 13.875 6.375
0.0 4 6.375 14.75 12.375
0.0 4 13.125 11.75 9.125
0.0 4 7.0 9.0 7.875
0.0 4 11.25 11.25 4.375
0.0 4 12.0 13.5 4.375
0.0 4 11.875 10.125 7.375
0.0 4 12.0 10.25 9.625
0.0 4 11.5 11.875 10.0
0.0 4 9.125 8.5 6.125
0.0 4 15.625 19.125 7.5
0.0 4 12.75 12.75 10.75
0.0 4 12.875 12.875 8.25
0.0 4 13.25 9.625 7.625
0.0 4 12.25 12.75 9.5
0.0 4 11.625 12.25 6.625
0.0 4 13.0 11.25 9.625
0.0 4 12.125 14.625 10.5
0.0 4 7.5 6.5 8.0
0.0 4 9.125 10.375 8.0
0.0 4 11.875 13.375 8.125
0.0 4 13.25 15.25 14.875
0.0 4 12.125 8.5 6.5
0.0 4 14.125 15.5 7.5
0.0 4 10.125 10.125 10.0
0.0 4 12.625 13.625 9.875
0.0 4 15.375 12.25 7.5
0.0 4 14.5 12.625 10.0
0.0 4 9.125 14.25 10.625
0.0 4 11.125 13.75 8.25
0.0 4 13.75 15.75 6.875
0.0 4 8.625 9.375 9.5
0.0 4 11.75 13.25 8.25
0.0 4 12.625 13.75 9.125
0.0 4 11.375 10.875 8.125
0.0 4 10.5 12.75 12.25
0.0 4 14.25 16.625 9.25
0.0 4 13.125 14.875 8.5
0.0 4 10.375 12.625 9.75
0.0 4 14.375 12.125 6.625
0.0 4 10.125 14.125 8.875
0.0 4 15.125 14.625 9.0
0.0 4 12.625 12.125 6.75
0.0 4 14.25 11.0 4.625
0.0 4 15.5 14.375 8.0
0.0 4 10.75 11.0 10.5
0.0 4 15.625 13.625 10.75
0.0 4 9.75 7.875 8.0
0.0 4 14.875 14.25 8.75
0.0 4 12.875 11.5 6.375
0.0 4 10.125 10.875 4.875
0.0 4 13.375 13.75 7.5
0.0 4 13.625 13.0 8.75
0.0 4 9.75 7.0 7.125
0.0 4 18.0 16.625 9.75
0.0 4 13.375 10.75 7.125
0.0 4 9.25 10.0 6.375
0.0 4 9.875 7.25 6.25
0.0 4 13.75 11.375 10.0
0.0 4 12.375 13.0 7.125
0.0 4 16.0 12.125 7.375
0.0 4 15.0 7.875 13.125
0.0 4 7.875 13.625 7.75
0.0 4 12.0 9.125 6.625
0.0 4 10.625 10.125 6.5
0.0 4 9.125 10.625 9.375
0.0 4 11.75 13.125 5.875
0.0 4 10.5 12.75 9.875
0.0 4 14.75 14.375 7.5
0.0 4 14.25 8.875 9.75
0.0 4 12.25 11.375 7.25
0.0 4 8.875 8.875 6.5
0.0 4 12.0 10.375 4.625
0.0 4 15.0 10.75 12.625
0.0 4 10.375 10.875 7.5
0.0 4 8.375 10.125 9.375
0.0 4 13.625 12.25 7.75
0.0 4 10.375 9.75 7.625
0.0 4 9.125 11.125 9.0
0.0 4 12.875 14.125 4.75
0.0 4 9.75 8.0 11.125
0.0 4 13.75 16.75 6.125
0.0 4 7.625 10.625 8.375
0.0 4 8.375 12.25 8.125
0.0 4 9.375 10.875 4.5
0.0 4 16.5 14.5 4.75
0.0 4 11.5 14.75 12.375
0.0 4 7.5 7.0 6.375
0.0 4 12.375 9.125 11.0
0.0 4 13.375 14.375 9.5
0.0 4 13.25 13.75 7.375
0.0 4 10.875 12.25 7.375
0.0 4 13.5 13.625 10.0
0.0 4 11.125 10.75 9.5
0.0 4 19.375 19.0 9.75
0.0 4 16.625 13.5 12.125
0.0 4 11.25 14.625 10.125
0.0 4 18.125 15.625 13.375
0.0 4 15.125 14.75 9.0
0.0 4 12.875 11.0 8.375
0.0 4 15.5 16.5 11.375
0.0 4 9.125 9.375 10.125
0.0 4 13.625 11.0 11.125
0.0 4 10.625 8.625 8.5
0.0 4 9.625 10.125 7.75
0.0 4 5.5 9.875 6.375
0.0 4 12.25 9.375 8.75
0.0 4 14.0 8.0 9.125
0.0 4 14.125 13.625 12.5
0.0 4 11.625 13.625 5.625
0.0 4 14.875 6.0 11.625
0.0 4 11.375 13.25 4.625
0.0 4 11.125 10.25 10.125
0.0 4 14.375 14.875 10.125
0.0 4 15.375 13.0 6.25
0.0 4 9.375 12.875 10.625
0.0 4 12.25 13.125 13.375
0.0 4 12.75 16.0 8.0
0.0 4 13.125 13.625 6.625
0.0 4 11.5 12.0 7.875
0.0 4 17.375 14.375 11.625
0.0 4 10.625 16.25 8.625
0.0 4 13.0 11.25 6.375
0.0 4 9.25 9.375 8.625
0.0 4 11.875 9.0 13.375
0.0 4 10.0 15.0 10.0
0.0 4 16.75 15.625 6.75
0.0 4 11.25 12.0 12.0
0.0 4 16.5 14.375 13.125
0.0 4 12.0 11.375 3.75
0.0 4 10.625 11.625 10.375
0.0 4 13.125 12.125 8.125
0.0 4 10.625 11.5 6.0
0.0 4 9.875 8.75 8.375
0.0 4 14.5 17.0 11.125
0.0 4 10.875 10.25 9.75
0.0 4 8.125 6.375 7.625
0.0 4 17.125 12.75 8.25
0.0 4 13.875 12.875 11.75
0.0 4 7.125 9.875 7.875
0.0 4 8.0 12.75 9.875
0.0 4 15.5 11.875 10.25
0.0 4 10.375 10.625 11.0
0.0 4 11.75 11.625 9.125
0.0 4 11.75 14.625 7.125
0.0 4 12.25 8.625 8.625
0.0 4 14.25 16.875 9.0
0.0 4 11.0 11.0 7.5
0.0 4 11.625 12.125 11.25
0.0 4 10.125 10.25 9.125
0.0 4 10.875 16.875 5.375
0.0 4 9.875 17.25 8.25
0.0 4 14.0 14.0 8.75
0.0 4 10.875 11.25 10.625
0.0 4 10.5 13.0 6.125
0.0 4 9.25 8.375 9.125
0.0 4 14.375 13.625 5.25
0.0 4 13.375 11.0 10.625
0.0 4 12.375 14.875 9.75
0.0 4 15.25 12.625 12.0
0.0 4 13.125 13.375 7.375
0.0 4 11.5 13.75 7.625
0.0 4 11.5 13.375 10.75
0.0 4 11.625 11.875 7.5
0.0 4 9.0 11.375 5.25
0.0 4 7.25 11.25 7.25
0.0 4 13.375 13.375 9.25
0.0 4 8.875 9.75 10.25
0.0 4 15.75 18.125 7.25
0.0 4 4.75 13.25 9.0
0.0 4 10.75 12.25 7.75
0.0 4 11.125 6.875 10.625
0.0 4 14.625 10.875 7.125
0.0 4 14.375 15.25 7.5
0.0 4 11.0 16.875 6.75
0.0 4 17.5 12.875 7.25
0.0 4 11.875 8.625 5.5
0.0 4 12.625 14.125 8.875
0.0 4 16.375 13.625 7.0
0.0 4 11.75 11.375 7.875
0.0 4 12.75 13.375 12.625
0.0 4 16.75 13.875 9.125
0.0 4 10.375 7.0 6.375
0.0 4 10.125 11.125 7.875
0.0 4 12.75 12.625 9.5
0.0 4 11.75 15.375 10.75
0.0 4 9.5 10.875 7.0
0.0 4 11.875 11.375 9.625
0.0 4 12.75 14.125 7.625
0.0 4 15.625 14.25 13.25
0.0 4 10.375 10.25 13.0
0.0 4 16.5 13.375 5.0
0.0 4 15.25 14.5 6.5
0.0 4 10.5 12.25 6.25
0.0 4 14.125 10.875 9.25
0.0 4 13.75 15.25 6.125
0.0 4 13.625 13.5 6.375
0.0 4 14.625 14.75 6.125
0.0 4 14.375 12.25 7.75
0.0 4 10.25 10.375 6.75
0.0 4 14.5 10.625 12.625
0.0 4 8.25 11.75 7.75
0.0 4 15.375 19.0 14.5
0.0 4 10.75 11.75 8.5
0.0 4 10.625 12.0 6.625
0.0 4 11.25 12.125 8.75
0.0 4 13.75 11.25 10.75
0.0 4 8.25 10.75 7.75
0.0 4 13.875 13.75 8.25
0.0 4 12.75 13.75 10.25
0.0 4 10.625 11.75 9.125
0.0 4 11.375 12.125 12.125
0.0 4 11.125 10.0 9.25
0.0 4 12.75 14.25 6.625
0.0 4 16.0 12.25 9.625
0.0 4 13.875 14.0 8.25
0.0 4 13.5 12.5 10.875
0.0 4 14.0 15.375 7.25
0.0 4 13.5 11.625 9.5
0.0 4 6.75 14.875 9.25
0.0 4 14.625 16.25 9.375
0.0 4 10.125 10.875 9.625
0.0 4 8.5 9.0 7.75
0.0 4 14.0 13.25 8.25
0.0 4 15.5 12.875 10.125
0.0 4 16.625 14.0 9.125
0.0 4 7.0 6.5 4.125
0.0 4 11.5 11.125 8.125
0.0 4 6.875 9.5 8.25
0.0 4 15.125 11.625 9.25
0.0 4 14.125 8.75 4.75
0.0 4 8.625 14.625 10.875
0.0 4 10.625 7.0 7.375
0.0 4 11.625 11.0 9.5
0.0 4 16.125 13.0 11.125
0.0 4 6.75 9.875 10.75
0.0 4 9.25 9.625 10.25
0.0 4 16.25 15.625 7.125
0.0 4 14.875 10.75 8.125
0.0 4 10.25 11.75 5.375
0.0 4 15.25 13.0 9.625
0.0 4 13.25 15.0 5.625
0.0 4 10.375 7.875 11.5
0.0 4 12.75 10.125 10.5
0.0 4 9.875 8.375 7.375
0.0 4 12.25 11.75 13.125
0.0 4 12.25 11.625 8.75
0.0 4 12.5 12.375 8.625
0.0 4 12.625 16.375 15.625
0.0 4 10.25 14.75 9.5
0.0 4 11.375 14.75 12.25
0.0 4 10.25 11.5 10.625
0.0 4 10.625 13.625 8.0
0.0 4 14.125 9.25 13.375
0.0 4 10.25 7.625 6.875
0.0 4 14.5 11.75 8.75
0.0 4 9.875 8.625 9.375
0.0 4 13.625 12.875 12.375
0.0 4 11.0 15.0 7.5
0.0 4 11.125 11.0 11.75
0.0 4 10.25 11.0 5.125
0.0 4 17.0 18.625 8.125
0.0 4 14.75 10.625 7.5
0.0 4 13.0 13.5 8.875
0.0 4 11.875 13.125 9.25
0.0 4 12.125 12.25 5.875
0.0 4 11.75 12.125 6.75
0.0 4 14.875 16.125 11.375
0.0 4 12.0 16.5 12.625
0.0 4 8.75 10.125 10.25
0.0 4 9.625 12.125 7.875
0.0 4 6.75 13.625 6.25
0.0 4 15.5 17.25 13.375
0.0 4 14.0 12.625 7.375
0.0 4 14.125 12.25 5.375
0.0 4 8.875 13.5 8.875
0.0 4 13.125 12.375 7.75
0.0 4 15.75 13.375 7.875
0.0 4 12.0 11.5 9.0
0.0 4 12.25 14.125 9.5
0.0 4 10.625 13.75 5.5
0.0 4 8.25 10.625 10.625
0.0 4 11.0 11.125 9.25
0.0 4 11.0 12.75 7.0
0.0 4 15.75 8.0 9.5
0.0 4 10.125 13.5 8.5
0.0 4 13.0 11.625 8.375
0.0 4 13.75 16.875 9.625
0.0 4 9.75 12.125 7.5
0.0 4 10.625 8.375 7.875
0.0 4 14.625 11.625 7.875
0.0 4 10.375 9.875 9.125
0.0 4 9.5 16.625 4.125
0.0 4 11.75 13.625 10.75
0.0 4 13.25 10.875 7.0
0.0 4 9.0 9.25 7.25
0.0 4 14.875 13.625 9.75
0.0 4 12.75 12.25 11.625
0.0 4 10.75 8.75 5.375
0.0 4 10.5 10.875 7.5
0.0 4 13.25 12.75 9.875
0.0 4 8.875 15.375 8.125
0.0 4 15.0 11.25 8.875
0.0 4 14.625 13.125 9.125
0.0 4 12.75 16.0 8.125
0.0 4 8.875 13.625 12.5
0.0 4 8.125 6.125 7.625
0.0 4 13.25 11.0 9.5
0.0 4 13.75 9.375 5.875
0.0 4 9.0 8.5 10.0
0.0 4 12.625 11.75 9.5
0.0 4 14.0 11.25 10.875
0.0 4 10.75 14.625 8.75
0.0 4 13.875 11.375 8.25
0.0 4 11.875 10.0 7.125
0.0 4 14.0 16.25 4.375
0.0 4 13.625 16.0 7.75
0.0 4 5.0 10.375 5.625
0.0 4 12.5 15.375 12.25
0.0 4 13.0 13.25 10.5
0.0 4 11.25 10.25 6.75
0.0 4 9.25 11.125 6.875
0.0 4 7.125 9.25 6.625
0.0 4 10.5 14.0 5.875
0.0 4 12.25 10.625 9.75
0.0 4 8.625 11.75 7.5
0.0 4 10.625 16.25 10.375
0.0 4 11.25 10.0 8.5
0.0 4 14.5 14.875 5.0
0.0 4 12.75 13.25 7.25
0.0 4 8.25 13.125 8.125
0.0 4 13.375 14.125 9.75
0.0 4 14.5 13.375 10.75
0.0 4 13.625 12.625 9.875
0.0 4 12.125 9.25 8.875
0.0 4 16.625 16.25 14.75
0.0 4 12.125 10.75 7.75
0.0 4 8.625 8.125 6.0
0.0 4 10.875 11.25 4.0
0.0 4 12.875 12.875 10.25
0.0 4 11.625 11.75 7.0
0.0 4 11.125 14.625 6.375
0.0 4 14.875 15.0 9.5
0.0 4 8.875 9.5 5.875
0.0 4 14.5 12.125 13.125
0.0 4 10.75 6.25 7.125
0.0 4 14.0 13.875 8.25
0.0 4 10.5 13.125 12.875
0.0 4 12.875 14.875 12.125
0.0 4 12.625 11.5 9.5
0.0 4 15.5 12.75 8.125
0.0 4 8.5 11.625 4.625
0.0 4 13.75 6.25 13.75
0.0 4 14.375 13.375 10.125
0.0 4 9.625 10.5 8.375
0.0 4 16.5 16.5 6.5
0.0 4 12.0 13.0 9.0
0.0 4 12.125 13.125 9.875
0.0 4 11.5 11.0 12.0
0.0 4 14.625 10.625 10.0
0.0 4 7.875 12.375 8.75
0.0 4 10.5 14.25 10.625
