0 0.0 1.0 1.0 1.0
0 0.0 1.0 1.0 1.0
0 0.0 1.0 1.0 1.0
0 0.0 1.0 1.0 1.0
0 0.0 1.0 1.0 1.0
0 0.0 1.0 1.0 1.0
0 0.0 1.0 1.0 1.0
0 0.0 1.0 1.0 1.0
0 0.0 1.0 1.0 1.0
0 0.0 1.0 1.0 1.0
1 0.0 1.0 1.0 1.0
2 0.0 14.725 15.4875 11.575
0 0.05929591731304691 0.7203508501211249 0.857013301634101 0.534920145636999
0 0.05929591731304691 0.7882465303457197 0.6780053772017152 0.5562843211739036
0 0.05929591731304691 0.7718661054430098 0.7820094369963952 0.816664350152398
0 0.05929591731304691 0.8190415183189843 0.7577521826736319 0.701013931542106
0 0.05929591731304691 0.780135690412807 0.7965966439839098 0.6873234195757283
0 0.05929591731304691 0.839656993506206 0.8077219770880212 0.7226020826900538
0 0.05929591731304691 0.6554566862692173 0.7292688235739953 0.7123241278022568
0 0.05929591731304691 0.7337028545499625 0.7747978511570942 0.827327596164972
0 0.05929591731304691 0.7031988667796671 0.733235860297883 0.7851109001991805
0 0.05929591731304691 0.7993461832183755 0.810383911333185 0.6296200817577773
1 0.05929591731304691 0.7611002278965074 0.7726785365939932 0.6973190956695375
2 0.05929591731304691 11.841553361459408 10.99626000067144 7.765945774660565
0 0.06951770997275963 0.8641409729143598 0.7707649401640972 0.7738715035217015
0 0.06951770997275963 0.7591242196688086 0.8658485246694123 0.8049049871149923
0 0.06951770997275963 0.7201861683063233 0.8449229730131633 0.8824205120397027
0 0.06951770997275963 0.6870465686800293 0.6808967743423672 0.739189151497427
0 0.06951770997275963 0.8338484722538047 0.755296421967889 0.7037740533962331
0 0.06951770997275963 0.8165542977452147 0.7921911088885661 0.7744682509421047
0 0.06951770997275963 0.824093279607525 0.8213690660765464 0.7864697362614902
0 0.06951770997275963 0.7104087699647417 0.6825379779201589 0.7787556232333767
0 0.06951770997275963 0.6838186984261504 0.813782205243136 0.8102332057807196
0 0.06951770997275963 0.787783262856999 0.7837136196617526 0.6362570340320681
1 0.06951770997275963 0.7687004710423956 0.781132361194709 0.7690344057819817
2 0.06951770997275963 12.251160913824549 11.841888845629143 8.929167103124062
0 0.07784678632657199 0.7373717692484006 0.8496516541890905 0.7210414833744114
0 0.07784678632657199 0.7220274975157821 0.8180029389747624 0.7772820287230641
0 0.07784678632657199 0.7480864275354081 0.8898917458987492 0.786653264820422
0 0.07784678632657199 0.7076584821308266 0.851858101605898 0.8191144764430265
0 0.07784678632657199 0.6900615825425264 0.9035297374444758 0.6279194119064541
0 0.07784678632657199 0.6816572378025108 0.8809666430860308 0.5228997768926736
0 0.07784678632657199 0.7247739718753234 0.7957335602351518 0.5920812323884447
0 0.07784678632657199 0.7707178548171252 0.859241807518789 0.803855440617959
0 0.07784678632657199 0.5701093334261608 0.8758218050194523 0.6276434659911755
0 0.07784678632657199 0.7825853782164547 0.7202589616892877 0.7632489213220904
1 0.07784678632657199 0.7135049535110519 0.8444956955661688 0.7041739502479721
2 0.07784678632657199 10.556822545492656 11.374445768109151 7.381439196462766
0 0.0680598627954342 0.8283965076822052 0.8205285349770867 0.6921799333626685
0 0.0680598627954342 0.831782429324342 0.8814902923188191 0.7892799155103317
0 0.0680598627954342 0.8140553468856677 0.7243092943807024 0.6486422517776578
0 0.0680598627954342 0.8296120601172376 0.7647508240944302 0.766527398559898
0 0.0680598627954342 0.7816856725797097 0.8157294862570731 0.5697309844735077
0 0.0680598627954342 0.6713897451318311 0.7291147564086559 0.6672869981420606
0 0.0680598627954342 0.7887362882941924 0.7930327577633618 0.8076017922152943
0 0.0680598627954342 0.6868977579266615 0.8019297248401002 0.8188179565625838
0 0.0680598627954342 0.8803179362900575 0.7410015126608831 0.7479471603245043
0 0.0680598627954342 0.8471808083229748 0.7038249068110022 0.629435959042712
1 0.0680598627954342 0.7960054552554879 0.7775712090512115 0.7137450349971218
2 0.0680598627954342 13.260008860873006 11.229449383594334 7.049994438580498
0 0.06186255043501729 0.8341498877887347 0.7206794310306669 0.7202610897071122
0 0.06186255043501729 0.8912061382287392 0.8929676154302453 0.8065913840726413
0 0.06186255043501729 0.7384145072759705 0.8403513538987748 0.7413548811191121
0 0.06186255043501729 0.6623689581518267 0.8942325882350053 0.7508911606936578
0 0.06186255043501729 0.7903491151794726 0.727959951523339 0.8197084016819548
0 0.06186255043501729 0.8811571659804531 0.7922816516442288 0.7607643550733609
0 0.06186255043501729 0.8759624315898495 0.8371508022065506 0.7460731060440772
0 0.06186255043501729 0.7142417595093844 0.8469961042223044 0.8666824382198909
0 0.06186255043501729 0.8278236227243629 0.6975996001941541 0.6906747451537194
0 0.06186255043501729 0.7755356600964267 0.7409063867511337 0.65823030579832
1 0.06186255043501729 0.7991209246525222 0.7991125485136403 0.7561231867563846
2 0.06186255043501729 10.922345037101953 12.241139758785692 8.442736654894864
0 0.11528423675218434 0.7269731615890136 0.6709219932540039 0.5984542113767933
0 0.11528423675218434 0.5847297403037799 0.7005277356214955 0.5502756866365089
0 0.11528423675218434 0.6661903142862733 0.7086941082541427 0.5436893515585212
0 0.11528423675218434 0.6152516731740199 0.6068930200296205 0.615786706930347
0 0.11528423675218434 0.6429043431536721 0.6875251208584172 0.45028278882393286
0 0.11528423675218434 0.7083849851584578 0.5776590968959155 0.5583356147431231
0 0.11528423675218434 0.6441807620349687 0.6069184573491878 0.42481364594055954
0 0.11528423675218434 0.6430874362699167 0.6996710318572952 0.3474855036598742
0 0.11528423675218434 0.634272771076808 0.5587844208734826 0.43556983440614544
0 0.11528423675218434 0.6737395397002924 0.5488802300632384 0.6698551092360931
1 0.11528423675218434 0.6539714726747203 0.63664752150568 0.5194548453311898
2 0.11528423675218434 10.406125217512256 9.750721135091611 5.862748215988418
0 0.13980467345110495 0.726306142147345 0.7473467550879087 0.5407558661895485
0 0.13980467345110495 0.473067881859812 0.6968560302933138 0.6436422047749655
0 0.13980467345110495 0.5268690192128931 0.720489999243669 0.5691739327167745
0 0.13980467345110495 0.5150683178793419 0.5856840506399866 0.4059971888499433
0 0.13980467345110495 0.49645954330618997 0.6575355771984683 0.6154807484212212
0 0.13980467345110495 0.44040051968257826 0.6601994511979807 0.4896760327951712
0 0.13980467345110495 0.5297077129757211 0.5565945540944266 0.5773077074975073
0 0.13980467345110495 0.6550490708781682 0.6605155678072997 0.46812949964863
0 0.13980467345110495 0.6045059249894664 0.6896403681708747 0.5743028148947993
0 0.13980467345110495 0.5405877879668871 0.6150044743064272 0.6205906553941725
1 0.13980467345110495 0.5508021920898403 0.6589866828040355 0.5505056651182734
2 0.13980467345110495 8.290786301083433 10.345658222092831 6.618741911107944
0 0.154002417677442 0.53023795894295 0.6837485022369811 0.419299371990669
0 0.154002417677442 0.48443734201553085 0.49916200682332224 0.38460315015818514
0 0.154002417677442 0.5744005779021341 0.5238246285203708 0.5534746649046176
0 0.154002417677442 0.5077038108701212 0.66163246134139 0.456977148594488
0 0.154002417677442 0.6709236519706858 0.5580273853986929 0.42112975550146686
0 0.154002417677442 0.6075760923858794 0.6627690200097573 0.4175474661909622
0 0.154002417677442 0.4698471369585132 0.6739044932466371 0.44786600039255264
0 0.154002417677442 0.6117597308881169 0.5354197515803214 0.3600229226610702
0 0.154002417677442 0.45445306633658383 0.4896122383319844 0.31170125037634877
0 0.154002417677442 0.5133601546434455 0.607262427028058 0.4133790101329854
1 0.154002417677442 0.542469952291396 0.5895362914517516 0.41860007409033456
2 0.154002417677442 8.487289372457536 9.277955561899073 4.673091972841089
0 0.1583177710989483 0.5575559698444706 0.6568084121375498 0.44822779833643167
0 0.1583177710989483 0.5688272086689004 0.7335637057280879 0.649956825000803
0 0.1583177710989483 0.493697966744449 0.6449755238061835 0.6192291357379397
0 0.1583177710989483 0.5412941376316974 0.581667995464911 0.5569643856228451
0 0.1583177710989483 0.6347165758444596 0.7380297331924814 0.45841842849415354
0 0.1583177710989483 0.6130280850633693 0.6414449393721167 0.4335783680929956
0 0.1583177710989483 0.4336502046286985 0.6888804294099115 0.37309312710771747
0 0.1583177710989483 0.44131656201488034 0.5664433300289653 0.6233395442338292
0 0.1583177710989483 0.4974800185051438 0.5448737604331467 0.6602042081804377
0 0.1583177710989483 0.6349874473281268 0.49406208668389745 0.521976646422405
1 0.1583177710989483 0.5416554176274195 0.6290749916257251 0.5344988467229557
2 0.1583177710989483 8.104843375026165 10.028738927033945 6.3385722652921945
0 0.12627157668726252 0.6929225316408182 0.6686181748160231 0.6093244463833185
0 0.12627157668726252 0.5961429350151147 0.6959606162567726 0.6057993269194916
0 0.12627157668726252 0.6396200519359371 0.6983686529504687 0.6607969744640819
0 0.12627157668726252 0.6894104259661911 0.6976453156228146 0.6684028223461059
0 0.12627157668726252 0.5569051813576084 0.6969616990792828 0.7049899742760926
0 0.12627157668726252 0.5283911099495132 0.7436889142329582 0.7221699439192462
0 0.12627157668726252 0.5312036752138428 0.6656988838280727 0.7194045046930629
0 0.12627157668726252 0.4970276352156203 0.6435036711513696 0.7001472287202125
0 0.12627157668726252 0.5121725847099428 0.7451052433583265 0.5457727069569933
0 0.12627157668726252 0.6478362101484195 0.6756661212543686 0.7158073575884516
1 0.12627157668726252 0.5891632341153008 0.6931217292550458 0.6652615286267057
2 0.12627157668726252 8.435281482671895 10.151375167567178 7.326720029364691
0 0.2020595251146672 0.40765025401055904 0.4915685312355147 0.4237087421032171
0 0.2020595251146672 0.45739278189309907 0.46086420555725555 0.4356151680742707
0 0.2020595251146672 0.5270546089549962 0.6908426995633078 0.3397655450973143
0 0.2020595251146672 0.5066760479292398 0.5593374408304277 0.3632771706547112
0 0.2020595251146672 0.4391208930552467 0.5230436017021749 0.49766987426255826
0 0.2020595251146672 0.4373506422460204 0.5725227166710531 0.5322552001294439
0 0.2020595251146672 0.544155938024486 0.4646886564685101 0.6516141974071514
0 0.2020595251146672 0.4632620103580239 0.41390771984137514 0.4416169928582537
0 0.2020595251146672 0.4233528539133818 0.5317206821424966 0.3786311321138687
0 0.2020595251146672 0.48892660302309754 0.3967635446786594 0.525805012758846
1 0.2020595251146672 0.4694942633408151 0.5105259798690776 0.4589959035459635
2 0.2020595251146672 7.737827263474735 7.459698133126224 4.864571862927148
0 0.17578211346306713 0.5714675297395608 0.5079882542601905 0.3865675967718368
0 0.17578211346306713 0.46318919823558136 0.49452308178006027 0.3649828114261936
0 0.17578211346306713 0.37696458997295623 0.3546279816061684 0.32834719362054304
0 0.17578211346306713 0.4839259344070438 0.4747269508013561 0.30818137914454424
0 0.17578211346306713 0.425329976038131 0.5702732122070017 0.3311138528189859
0 0.17578211346306713 0.46941711803629144 0.5467993573124803 0.5421471004913073
0 0.17578211346306713 0.4779810319573225 0.39346147756312566 0.13225843613939686
0 0.17578211346306713 0.5552497480752477 0.4395918743776675 0.23848475474060452
0 0.17578211346306713 0.6120055206034957 0.26137081066925644 0.36061554746587127
0 0.17578211346306713 0.4483305506334565 0.382762970049291 0.38888542433135115
1 0.17578211346306713 0.4883861197699087 0.44261259706265976 0.3381584096950635
2 0.17578211346306713 7.198500412672978 6.258734137477585 4.206545807649718
0 0.22350816916421148 0.35067099066571267 0.47082541947057555 0.21775690228917663
0 0.22350816916421148 0.3370003666827115 0.4928129485470288 0.39905949005605135
0 0.22350816916421148 0.4698894227014479 0.4772883041968155 0.3599795286006001
0 0.22350816916421148 0.6461907224349316 0.4463247111806898 0.4481144270289724
0 0.22350816916421148 0.3780915234840017 0.5941449308341903 0.05201562811149717
0 0.22350816916421148 0.480417249745741 0.5153808784455202 0.3514288842786694
0 0.22350816916421148 0.3225559651183433 0.37467663329843304 0.3318040459790794
0 0.22350816916421148 0.4261438080841883 0.5455426336468853 0.24560781270791354
0 0.22350816916421148 0.44945412306330496 0.596020890203067 0.30199854052738623
0 0.22350816916421148 0.5362891752893888 0.6151639374060012 0.36439308048557373
1 0.22350816916421148 0.43967033472697714 0.5128181287229208 0.307215834006492
2 0.22350816916421148 6.87782084509198 7.894985389725816 3.74601436899574
0 0.21941010193015953 0.40652549438606533 0.4089584582671061 0.5372880619015465
0 0.21941010193015953 0.5280712312929348 0.3908253428633205 0.3228929510932587
0 0.21941010193015953 0.45568910093640297 0.5790011221136263 0.4445707652014042
0 0.21941010193015953 0.4251046919759151 0.37737314466556154 0.39519442940116684
0 0.21941010193015953 0.5244569224155228 0.42146288521099334 0.3772030023460931
0 0.21941010193015953 0.40619974543256837 0.3508510655051792 0.4060976016163689
0 0.21941010193015953 0.40047574553113846 0.36324047558881956 0.584784192834795
0 0.21941010193015953 0.35449546966270096 0.29471092950721844 0.41470935673439574
0 0.21941010193015953 0.5836493672321259 0.5202925149881974 0.39834593980594785
0 0.21941010193015953 0.6098671557761288 0.6119207942529807 0.337394507100935
1 0.21941010193015953 0.46945349246415036 0.4318636732963004 0.42184808080359115
2 0.21941010193015953 6.7151060840290056 6.834672117135386 5.2189989397170935
0 0.17215442843852852 0.5136280139137097 0.45299089097287903 0.2800306887977088
0 0.17215442843852852 0.5273454973418826 0.5190881082134663 0.2867993214634725
0 0.17215442843852852 0.6108341927095959 0.422041035904713 0.38221780773771313
0 0.17215442843852852 0.5383150560937325 0.45421849180324986 0.38241752013319347
0 0.17215442843852852 0.6339841906057968 0.5737612389025974 0.4054891652405148
0 0.17215442843852852 0.5370013530717068 0.4769496715234829 0.43186439856190406
0 0.17215442843852852 0.4948632343927214 0.41305773840645754 0.3837301714405153
0 0.17215442843852852 0.5502016335593157 0.3413219881616468 0.0946273117079552
0 0.17215442843852852 0.35805641976207153 0.4601815119799375 0.34043360833147407
0 0.17215442843852852 0.45692599723800864 0.38023288532720073 0.3982675748496902
1 0.17215442843852852 0.5221155588688542 0.4493843561195631 0.3385877568264141
2 0.17215442843852852 7.912685341607092 6.6863894365010355 3.7502665054370703
0 0.20376664817884924 0.39970325178001925 0.394821170794312 0.23199280189048735
0 0.20376664817884924 0.5542801883173064 0.37708062604917775 0.3080158324717395
0 0.20376664817884924 0.4175504443294121 0.28634309218246123 0.0690477073003586
0 0.20376664817884924 0.6285693385353534 0.4580179097520276 0.39916379936770036
0 0.20376664817884924 0.47134094588362097 0.45741885511035907 0.25364648919908006
0 0.20376664817884924 0.46843373409473754 0.3799749530915995 0.24693721994164328
0 0.20376664817884924 0.5606041670545752 0.45421362093251494 0.2847018096640569
0 0.20376664817884924 0.46944090499581603 0.24884677067821148 0.21612809064268398
0 0.20376664817884924 0.5491966235076297 0.3211791758757153 0.21188385172097635
0 0.20376664817884924 0.543875017033831 0.3280408082469797 0.11065281993068493
1 0.20376664817884924 0.5062994615532301 0.37059369827133587 0.23321704221294115
2 0.20376664817884924 7.6509516262370125 6.077339531246252 2.8746503550146594
0 0.16456215686704415 0.5397125414274236 0.4333278615573859 0.16440314645307924
0 0.16456215686704415 0.5687545215109446 0.4674748065909214 0.22038005058206572
0 0.16456215686704415 0.6716027945452099 0.38171137303188246 0.23779565351258067
0 0.16456215686704415 0.3643068177671385 0.37491297549530905 0.29858183555836443
0 0.16456215686704415 0.524421497130782 0.39760214301371444 0.22088710111771534
0 0.16456215686704415 0.6170749951841665 0.34765863936123825 0.2600902926832334
0 0.16456215686704415 0.6248327871178461 0.4731673727521052 0.22001892349732904
0 0.16456215686704415 0.47442161944568345 0.3134950048109651 0.19022322141761058
0 0.16456215686704415 0.5086087609555857 0.4388328814779661 0.2738587377679165
0 0.16456215686704415 0.5899488809402076 0.28092347786452937 0.17370101135181695
1 0.16456215686704415 0.5483685216024987 0.39091065359560173 0.22599399739417123
2 0.16456215686704415 8.382087440417568 6.1885806249767095 2.5964321634853667
0 0.309619723639612 0.36326801942980713 0.4092743981346707 0.1805884167800454
0 0.309619723639612 0.3391603010761877 0.37634112234869105 0.25086761217841896
0 0.309619723639612 0.3138228647430518 0.43061498684422006 0.2887734282037298
0 0.309619723639612 0.32899696136948053 0.3743601727197864 0.2969385725485403
0 0.309619723639612 0.3788051361209337 0.3757309729192221 0.1744607332083567
0 0.309619723639612 0.35367663272895833 0.3528259842102705 0.39348099511078977
0 0.309619723639612 0.36062875682669493 0.5523217606662537 0.4274842903541213
0 0.309619723639612 0.4534433292019994 0.3881724801629875 0.3338321419356594
0 0.309619723639612 0.24962214252794052 0.4872509169567771 0.21917050029933996
0 0.309619723639612 0.41419111194773595 0.36160111672202727 0.30562329506779207
1 0.309619723639612 0.355561525597279 0.4108493911684906 0.28712199856867937
2 0.309619723639612 5.509663599336354 6.1890618393348245 3.4157454373194858
0 0.23228729232611367 0.5112824245802338 0.1968043766451052 0.2799622466070642
0 0.23228729232611367 0.32244700491547423 0.3182821946178131 0.3986041849440489
0 0.23228729232611367 0.42002689299288726 0.17988074779674634 0.3312839865337102
0 0.23228729232611367 0.2159496156490144 0.2855044119711649 0.2634113720008894
0 0.23228729232611367 0.5443670463941855 0.346587117895555 0.30710489999839835
0 0.23228729232611367 0.39074897754876814 0.23092144470456777 0.356531073330624
0 0.23228729232611367 0.44014127328556724 0.2718170570135798 0.21587638879812004
0 0.23228729232611367 0.25952817434260855 0.38453057221512416 0.3064440851607342
0 0.23228729232611367 0.3345758450157411 0.2520809369146898 0.4675575216487566
0 0.23228729232611367 0.5509321539867484 0.26050351016201034 0.13932921594097628
1 0.23228729232611367 0.39899994087112284 0.2726912369936356 0.3066104974963322
2 0.23228729232611367 6.126669020221402 4.358202354334397 3.2283927322676695
0 0.3548680550147486 0.20289812499771723 0.3359161474877493 0.22563133814316613
0 0.3548680550147486 0.2723547987712104 0.3933797380845326 0.18712843231079587
0 0.3548680550147486 0.25597504228198464 0.3129919244584211 0.19992619087812297
0 0.3548680550147486 0.3140173424118004 0.28921141155086777 0.34170948875435164
0 0.3548680550147486 0.2492509718088509 0.4195417617822687 0.16437916871782637
0 0.3548680550147486 0.4055550145550137 0.3910207972765349 0.35973459558755094
0 0.3548680550147486 0.18083017921223077 0.36503228012122096 0.26474436174808375
0 0.3548680550147486 0.3258319407713015 0.5778049367582181 0.12145325938537459
0 0.3548680550147486 0.3281867380211984 0.37841090063319677 0.2863866702560635
0 0.3548680550147486 0.1868090434282561 0.44625100833447795 0.3162599707928057
1 0.3548680550147486 0.2721709196259564 0.39095609064874876 0.24673534765741417
2 0.3548680550147486 4.2486554328285715 6.510208550137558 2.9164908746227014
0 0.24235311006339022 0.34148712614396565 0.3040394322975273 0.22574623682869538
0 0.24235311006339022 0.4579422712904369 0.4339626771550133 0.26126950663143417
0 0.24235311006339022 0.4468173180357916 0.48612803087500706 0.14392992546827332
0 0.24235311006339022 0.5146539147897897 0.35794227078794766 0.1299984088985866
0 0.24235311006339022 0.3560020307605085 0.36669938304602057 0.08220757350220716
0 0.24235311006339022 0.28034515116342806 0.40441750826064554 0.27061308050086424
0 0.24235311006339022 0.3857920448860877 0.296073281470598 0.18930709632970294
0 0.24235311006339022 0.3640216330879012 0.4609318746708909 0.23494347537791999
0 0.24235311006339022 0.45627146425613996 0.3321416862186818 0.07474745843450487
0 0.24235311006339022 0.33527035887563733 0.3859542718636794 0.26457218568009483
1 0.24235311006339022 0.3938603313289687 0.3828290416646012 0.18773349476522835
2 0.24235311006339022 6.078623799178799 5.472563086853937 2.1194465260274504
0 0.3177781632245147 0.2682712890646516 0.30463287111000414 0.2661268835440214
0 0.3177781632245147 0.2750994420532332 0.4522295552849716 0.0965381616422053
0 0.3177781632245147 0.40345741580594907 0.29212328623029193 0.20275788100359035
0 0.3177781632245147 0.37262431135226476 0.513364038871838 0.234842668983095
0 0.3177781632245147 0.21053049270779353 0.3348899110373495 0.06784531635114413
0 0.3177781632245147 0.1389542322992335 0.2842665411124002 0.17825405771691608
0 0.3177781632245147 0.26539487765631586 0.4410247596619255 0.02062375438749987
0 0.3177781632245147 0.39520020577276654 0.37194802191050014 0.25812161596670674
0 0.3177781632245147 0.23974879101969188 0.45155191539096085 0.1721713070493275
0 0.3177781632245147 0.3878390271659103 0.5166659598582374 0.1589536573006809
1 0.3177781632245147 0.2957120084897811 0.3962696860468479 0.16562353039451874
2 0.3177781632245147 4.618744467167942 5.982293619840107 1.7628561823489455
0 0.32138664983479814 0.3250916027969017 0.3065118528648686 0.19558851136691288
0 0.32138664983479814 0.3408933661918623 0.21594413229748968 0.05534271662646073
0 0.32138664983479814 0.2884966824481751 0.35025690230211676 0.02338380061271048
0 0.32138664983479814 0.31905164791304463 0.4057788229053199 0.20570827919353388
0 0.32138664983479814 0.2113761433021662 0.3050483920233443 0.12356034886560091
0 0.32138664983479814 0.3569329161042037 0.3318381632229618 0.13846927401698467
0 0.32138664983479814 0.402471724628817 0.3922526947021758 0.07228829744364001
0 0.32138664983479814 0.2560293669586912 0.4857219650273221 0.21987268336431431
0 0.32138664983479814 0.22743265577755187 0.16706113713412998 0.10193977538991128
0 0.32138664983479814 0.30708485497673554 0.2678330042825016 0.16501725463774158
1 0.32138664983479814 0.30348609610981486 0.32282470667622304 0.13011709415178105
2 0.32138664983479814 4.252150584488125 4.893828739887107 1.3808212272457787
0 0.2530533398839788 0.4576849853169545 0.3902995752141225 0.12010596372419058
0 0.2530533398839788 0.35229990414585244 0.15401975397470336 0.1893846971364948
0 0.2530533398839788 0.5025018645826625 0.35279520715164675 0.023932599757506102
0 0.2530533398839788 0.34027901474189576 0.20773755624130216 0.2184127150937073
0 0.2530533398839788 0.3618134487799447 0.3504758803757797 0.2884082148205458
0 0.2530533398839788 0.44462789342664877 0.32229103227725664 0.2908213202396506
0 0.2530533398839788 0.4094080083559287 0.09162594713790279 0.13388702241302713
0 0.2530533398839788 0.3852449966438698 0.2748435693824871 0.2867575202228689
0 0.2530533398839788 0.4393588369101563 0.18703331186059924 0.26929804842951494
0 0.2530533398839788 0.4713528360297242 0.23676989358446465 0.11885253411719139
1 0.2530533398839788 0.4164571788933638 0.2567891727200265 0.19398606359546974
2 0.2530533398839788 6.010904532198694 3.6921679658017 2.016650958033095
0 0.2961980877391853 0.398302246377634 0.33847422235832153 0.22799145832761514
0 0.2961980877391853 0.33784999913249797 0.23236842198430738 0.06981642317649393
0 0.2961980877391853 0.29357750764879414 0.19681050485347049 0.24983395153420956
0 0.2961980877391853 0.43638995806264025 0.34964120997602105 0.08981167632880585
0 0.2961980877391853 0.25716162409182247 0.27307070711264475 0.13977409913239552
0 0.2961980877391853 0.3514640633452529 0.3202772876333336 0.1085167003220729
0 0.2961980877391853 0.44916935373327815 0.380252111731876 0.14464655479705293
0 0.2961980877391853 0.36829753217376826 0.23458019286153578 0.23584367691867258
0 0.2961980877391853 0.35595930891770255 0.17149220481730718 0.15903373691896072
0 0.2961980877391853 0.3299499993197616 0.3242035681892913 0.16119088783195376
1 0.2961980877391853 0.35781215928031523 0.2821170431518109 0.15864591652882326
2 0.2961980877391853 4.961617754379133 3.8994553432102124 1.9193326439131737
0 0.4022141275042658 0.1888304436244657 0.20320791721880668 0.15556757995252737
0 0.4022141275042658 0.3622211512996936 0.2152668044988065 0.16213407721151676
0 0.4022141275042658 0.28622259790325383 0.315685486108572 0.2230482158379618
0 0.4022141275042658 0.3296882609951083 0.32992426378307177 0.2256450242795231
0 0.4022141275042658 0.17686562016683033 0.20199732418604321 0.10368126223599164
0 0.4022141275042658 0.29843782261364155 0.13813405693524952 0.027977442802602684
0 0.4022141275042658 0.25590232076853153 0.21872231620018598 0.1719341245472072
0 0.4022141275042658 0.20347147254051057 0.11464195610502544 0.0911166803988994
0 0.4022141275042658 0.26183693986112955 0.1905448972968842 0.2773418901999622
0 0.4022141275042658 0.2752140830184878 0.23776985444751747 0.1384153627729718
1 0.4022141275042658 0.26386907127916526 0.21658948767801628 0.1576861660239164
2 0.4022141275042658 3.6994426626409194 3.341001024866631 1.7495715132393475
0 0.4525084728560377 0.34641192520085 0.24928409469100413 0.07614623729515536
0 0.4525084728560377 0.1780403379936725 0.10437120104013689 0.07358630553353726
0 0.4525084728560377 0.03996653859680838 0.12564869508791307 0.04010420715911657
0 0.4525084728560377 0.2864332478422824 0.2269477726517279 0.07670583511390587
0 0.4525084728560377 0.3004283598035781 0.19682780348961812 0.15325206005369935
0 0.4525084728560377 0.2454888147224857 0.23545583006673718 0.04066616690502394
0 0.4525084728560377 0.227321642106489 0.24320863929576605 0.10386599419704566
0 0.4525084728560377 0.29120683988460183 0.28401759625525896 0.006072085827970279
0 0.4525084728560377 0.22910500812516074 0.1788095464803231 0.029347799128253724
0 0.4525084728560377 0.24466784594261107 0.20795154996266568 0.15680648998090124
1 0.4525084728560377 0.23890705602185397 0.20525227290211506 0.07565531811946094
2 0.4525084728560377 3.488903867210612 3.1682556385783873 0.9557336447930801
0 0.3999941053839889 0.28625239994756707 0.17351762820111644 0.11065261915087493
0 0.3999941053839889 0.2676669551443334 0.15525388016916622 0.05451974836514837
0 0.3999941053839889 0.26173799993393854 0.21863028957481162 0.15395394889550165
0 0.3999941053839889 0.37201285958130925 0.2329233864664704 0.16575618780566617
0 0.3999941053839889 0.19166302660960408 0.20816319307420866 0.0994256075267171
0 0.3999941053839889 0.29800263129615445 0.18323817840910797 0.1251809085210851
0 0.3999941053839889 0.1828294660178693 0.303296522851485 0.08100775634333135
0 0.3999941053839889 0.22628446380301873 0.17700095879672137 0.08515579821511243
0 0.3999941053839889 0.21297950381011 0.14843845222445207 0.04111255485168067
0 0.3999941053839889 0.15018683725373513 0.2611764725362361 0.18341719072963555
1 0.3999941053839889 0.244961614339764 0.20616389623037762 0.11001823204047534
2 0.3999941053839889 2.9207213925693187 3.0569065844421295 1.0990826816849038
0 0.41133374454656146 0.18587336274364455 0.3659609526546835 0.2637522177980619
0 0.41133374454656146 0.3157670232421767 0.3600217786263501 0.20688413320893323
0 0.41133374454656146 0.18431311640845183 0.23447244721784935 0.1407294556106349
0 0.41133374454656146 0.28559940288152796 0.34916018495742596 0.17288280223324
0 0.41133374454656146 0.273465611852438 0.24657815990727686 0.07095939473378617
0 0.41133374454656146 0.2985181423701419 0.32047355347478523 0.18294365014944686
0 0.41133374454656146 0.3114845613403877 0.4190061734536244 0.23763787528157534
0 0.41133374454656146 0.3072747298985521 0.25550106852837423 0.32117116304029086
0 0.41133374454656146 0.21778751826834256 0.14952093785246492 0.16365053182869185
0 0.41133374454656146 0.2567433496405913 0.2526050245631048 0.1646722802366218
1 0.41133374454656146 0.26368268186462546 0.29533002812359394 0.1925283504121283
2 0.41133374454656146 4.050330848685293 4.819285766135642 2.253582749329253
0 0.47255596415996787 0.07957430691653977 0.23431078668306554 0.09698699140386781
0 0.47255596415996787 0.28700868679092756 0.12152896011504172 0.3041815472910258
0 0.47255596415996787 0.13174782715465916 0.15385169411120067 0.1427270116349126
0 0.47255596415996787 0.1759802612887292 0.05580411003799658 0.20344210177536579
0 0.47255596415996787 0.10865113282107573 0.2036802636067073 0.21745612460501543
0 0.47255596415996787 0.13610286254139334 0.20493357509706733 0.18177297767120917
0 0.47255596415996787 0.1426866156326414 0.1906981166952602 0.0604947717766608
0 0.47255596415996787 0.1599940085456946 0.24624594200776648 0.087065088119203
0 0.47255596415996787 0.1674244943329367 0.1928818713987821 0.023389787869938557
0 0.47255596415996787 0.29496791804631467 0.15055029081302904 0.22075786540714146
1 0.47255596415996787 0.16841381140709122 0.17544856105659168 0.15382742675543404
2 0.47255596415996787 2.2677524254217594 2.356377849256372 1.962999811259228
0 0.48222045916564465 0.5109919491963182 0.47812613959677164 0.21225411884727763
0 0.48222045916564465 0.338036742003994 0.186261214206578 0.15295660417340712
0 0.48222045916564465 0.0882758918680338 0.20765483322289482 0.0660439251372212
0 0.48222045916564465 0.24917378827487896 0.2543736359074815 0.12474677935106487
0 0.48222045916564465 0.20887965819066928 0.27967693158221424 0.03905275424147558
0 0.48222045916564465 0.18400805553223062 0.11207078677496 0.04805435023734232
0 0.48222045916564465 0.2519111447512853 0.27029022962372695 0.10834585464828535
0 0.48222045916564465 0.19190355993115185 0.2937940862699976 0.09657844820515203
0 0.48222045916564465 0.23857866217231513 0.3044059696223413 0.1325702687480755
0 0.48222045916564465 0.13955335415200873 0.3184702179861485 0.0382789550112925
1 0.48222045916564465 0.2401312806072886 0.27051240447931146 0.10188820586005942
2 0.48222045916564465 3.081421563186671 3.9881531624536812 1.077126953444791
0 0.5079287418094982 0.15651823510381122 0.24811255442306093 0.21309029923274594
0 0.5079287418094982 0.1020727927874785 0.24516325005869144 0.13112787409343543
0 0.5079287418094982 0.14508357900910168 0.25483759293052494 0.22937659495617116
0 0.5079287418094982 0.0763992224623284 0.24160009583897227 0.2996305116955847
0 0.5079287418094982 0.1125639330604294 0.1447860798482448 0.24905438473241082
0 0.5079287418094982 0.34018081455096716 0.22918430923878538 0.15419230133038114
0 0.5079287418094982 0.06833349161005864 0.28599031598053354 0.14824172788095014
0 0.5079287418094982 0.17303780820422351 0.27723968564384477 0.12522575462080252
0 0.5079287418094982 0.11864379070512568 0.2667129085834175 0.06666748408099515
0 0.5079287418094982 0.13399812948627823 0.10790710025869171 0.022236557559086757
1 0.5079287418094982 0.14268317969798022 0.2301533892804767 0.16388434901825638
2 0.5079287418094982 1.7942552862874905 2.995042571901945 1.751530750275497
0 0.45508977476572066 0.2123782889798437 0.30789782801901283 0.01551108811830547
0 0.45508977476572066 0.17875488609867485 0.3053615216127685 0.06610795000646554
0 0.45508977476572066 0.2914831524177832 0.41160941967819925 0.10652207720466507
0 0.45508977476572066 0.1546494494885322 0.305773335711792 0.03798478423640862
0 0.45508977476572066 0.2867795999977156 0.3976850913734476 0.11739965696601588
0 0.45508977476572066 0.17199997561342242 0.16084437735986576 0.015595065443231004
0 0.45508977476572066 0.12699219764269232 0.3475722839837528 0.1925100482869115
0 0.45508977476572066 0.24769755743437358 0.2816102906229431 0.11103761310506916
0 0.45508977476572066 0.21176003082990913 0.26546318728444884 0.18780918662355636
0 0.45508977476572066 0.27864921061404524 0.3423336735681024 0.06663267117793864
1 0.45508977476572066 0.21611443491169924 0.31261510092143335 0.09171101411685674
2 0.45508977476572066 3.1322849284323278 4.967638388592252 1.0235230519131555
0 0.4103098172901793 0.17855132886906241 0.14419305032723248 0.15482161952238968
0 0.4103098172901793 0.2971180093532143 0.23244422962559919 0.12824292649552776
0 0.4103098172901793 0.12973443258761228 0.12110368374284781 0.05857991584268628
0 0.4103098172901793 0.31542938955876587 0.20786930572783782 0.13681666447903548
0 0.4103098172901793 0.28134403211991943 0.15695579154795225 0.12872765952150142
0 0.4103098172901793 0.261230505907814 0.11256172513351435 0.19568925838718862
0 0.4103098172901793 0.20351878010788516 0.24893491117000247 0.13406977115044916
0 0.4103098172901793 0.2549189964467647 0.16788280725827462 0.06848425841907255
0 0.4103098172901793 0.2861943915317636 0.040664076052821824 0.14517327144306977
0 0.4103098172901793 0.18829341888254683 0.14996085054797426 0.10110180633609582
1 0.4103098172901793 0.23963332853653485 0.15825704311340574 0.12517071515970163
2 0.4103098172901793 3.8141068594694874 2.6470017956769807 1.3800063576280048
0 0.3545699209002092 0.22809722104367058 0.2302652407275506 0.11200460637558866
0 0.3545699209002092 0.43993398312158566 0.1987312427326401 0.11887978042294864
0 0.3545699209002092 0.3500838972708582 0.2931888180700793 0.09468525250399912
0 0.3545699209002092 0.4313568943125757 0.2899909616749956 0.1279692407138872
0 0.3545699209002092 0.22444052657112848 0.12531861770948777 0.26897588674014067
0 0.3545699209002092 0.4756814960909406 0.27510114741768027 0.1569909253693266
0 0.3545699209002092 0.26043045273288706 0.2763975200654198 0.23677420046988365
0 0.3545699209002092 0.35900665063497034 0.33253979389197297 0.3162365150827139
0 0.3545699209002092 0.25897623567612427 0.21328069667659044 0.15339326845105408
0 0.3545699209002092 0.26215848781057627 0.24618035463738575 0.08433394595637742
1 0.3545699209002092 0.3290165845265317 0.24809943936038029 0.16702436220859201
2 0.3545699209002092 4.6083455843622385 4.031827351901606 1.7049638188256353
0 0.4418283659160364 0.20557697430467495 0.30386762961867886 0.15985540890644231
0 0.4418283659160364 0.0736771788051715 0.1782994087833832 0.07910640105022626
0 0.4418283659160364 0.1897220033913548 0.1139804585331404 0.14957970961446157
0 0.4418283659160364 0.23556601522961443 0.09696329400360915 0.10752010676647698
0 0.4418283659160364 0.16827014858378722 0.0938142613198574 0.10855603970253448
0 0.4418283659160364 0.2867882846989148 0.09211720070381632 0.147044398183156
0 0.4418283659160364 0.2470573301367858 0.09726680162369995 0.1482863263982342
0 0.4418283659160364 0.3368994196335521 0.14455026113579736 0.2749246199795252
0 0.4418283659160364 0.2577613033418649 0.18287513110022072 0.07357492357269829
0 0.4418283659160364 0.050876258897843994 0.07742848155836354 0.12537327175961388
1 0.4418283659160364 0.20521949170235648 0.13811629283805668 0.13738212059333693
2 0.4418283659160364 2.871411264677671 2.1844920077706793 1.563056713757947
0 0.6348701086518153 0.0389573930439564 0.20839776184327802 0.07019646171990514
0 0.6348701086518153 0.05985907541701029 0.19534466941294365 0.06869423788250616
0 0.6348701086518153 0.06701191106639992 0.28234101718567406 0.07171517209238208
0 0.6348701086518153 0.025716296042270593 0.18945363697637502 0.14139588775482528
0 0.6348701086518153 0.14858449601980805 0.2287907636614936 0.17978186712310112
0 0.6348701086518153 0.08634810702331902 0.21385496790307956 0.11984234862882848
0 0.6348701086518153 0.02984867336163406 0.15437291746157294 0.11338290435410611
0 0.6348701086518153 0.22665331018402893 0.3234942332188435 0.07441206436306859
0 0.6348701086518153 0.10152635322879491 0.2460437926415426 0.12135190970924452
0 0.6348701086518153 0.11862909044184917 0.2218265965684708 0.11364750730090269
1 0.6348701086518153 0.09031347058290715 0.22639203568732733 0.10744203609288702
2 0.6348701086518153 1.2633759184775641 3.7918056797720263 1.232837011026348
0 0.49841172237776454 0.12506211041087226 0.16070002208211523 0.07769264977064304
0 0.49841172237776454 0.1872731480444711 0.1704700356156903 0.07531114612589676
0 0.49841172237776454 0.1482843914787049 0.11717474100576031 0.06599061947714767
0 0.49841172237776454 0.13447150773290806 0.331726068815849 0.07772227735052233
0 0.49841172237776454 0.10924368235243037 0.12441958859539273 0.07475805896577414
0 0.49841172237776454 0.12666700940600997 0.21459599594996995 0.021376296034236988
0 0.49841172237776454 0.11431310583329307 0.1289129365489357 0.010563988892984075
0 0.49841172237776454 0.25640906578266665 0.20781605883424942 0.05267539199267727
0 0.49841172237776454 0.1421373803337885 0.1803777537116561 0.02820787499804881
0 0.49841172237776454 0.11324542659054763 0.1682649629944518 0.002600937193487519
1 0.49841172237776454 0.14571068279656924 0.18044581641540705 0.04868992408014186
2 0.49841172237776454 1.9666577947291581 2.5956699243545507 0.52992493978825
0 0.6765907892168421 0.19121603796981257 0.10481010432944403 0.07487899868585116
0 0.6765907892168421 0.022891320421596164 0.16866272984037117 0.12679449113542027
0 0.6765907892168421 0.09340171062398923 0.09513119500330722 0.08106568657286294
0 0.6765907892168421 0.11555428500767173 0.023175313077268216 0.006920812839114338
0 0.6765907892168421 0.11362320896491632 0.13988135993603246 0.022835226302098395
0 0.6765907892168421 0.14235063267126458 0.20386354626787903 0.04401358679055994
0 0.6765907892168421 0.20883367271534675 0.18859256585963616 0.0246346231672208
0 0.6765907892168421 0.08547502916493259 0.21257960262651784 0.0
0 0.6765907892168421 0.07727340378699556 0.05255004788779351 0.0021982373420107054
0 0.6765907892168421 0.05552419891752743 0.09651703867554404 0.05745314039849851
1 0.6765907892168421 0.1106143500244053 0.12857635035037937 0.04407948032336371
2 0.6765907892168421 1.6700269761645554 1.938898131455559 0.4983086924634197
0 0.6431381493552757 0.0649364474571543 0.12134258200521256 0.06728295891066301
0 0.6431381493552757 0.11899617457843072 0.09331202784685845 0.11229388043966082
0 0.6431381493552757 0.05967876402865566 0.15950682166351612 0.05714133463309631
0 0.6431381493552757 0.13487383772240572 0.1784201528758747 0.24056823871759395
0 0.6431381493552757 0.09276541572711644 0.09814464823416755 0.05638129565258019
0 0.6431381493552757 0.11402214521344113 0.13839486872039258 0.12584373016834888
0 0.6431381493552757 0.06555982984375225 0.16999178280167607 0.1628525885103013
0 0.6431381493552757 0.14226043044784242 0.11769611626988687 0.08291888287512099
0 0.6431381493552757 0.11941368119074941 0.13202158759784738 0.11887593727640798
0 0.6431381493552757 0.0005731660091347805 0.05679867554865503 0.19522096353074234
1 0.6431381493552757 0.0913079892218683 0.12656292635640876 0.12193798107145155
2 0.6431381493552757 1.2054282906381715 2.0479303209086224 1.4345649492031542
0 0.6757235404532855 0.16372002635483413 0.24614007905456523 0.066133613279662
0 0.6757235404532855 0.2121862553655573 0.16917909152450863 0.03235365835734265
0 0.6757235404532855 0.10108691676613395 0.27843359954936725 0.11299036586966832
0 0.6757235404532855 0.12063836394491123 0.04661336737104981 0.03898801341307852
0 0.6757235404532855 0.021237224515876618 0.22278675429681674 0.10675616880633315
0 0.6757235404532855 0.040101432087185446 0.1638228423648756 0.011980653942059046
0 0.6757235404532855 0.08631849791336065 0.17127612197298564 0.12118178601955157
0 0.6757235404532855 0.03991193384013165 0.03906665361309695 0.0
0 0.6757235404532855 0.060424183113862995 0.10520693939643264 0.09402525114213965
0 0.6757235404532855 0.06843905858666878 0.16609867571119405 0.10195513328622442
1 0.6757235404532855 0.09140638924885228 0.16086241248548924 0.06863646441160594
2 0.6757235404532855 1.2578907448959185 2.5414703272991295 0.8635482801850409
0 0.7534488689000998 0.05530778159770416 0.14222414503889752 0.0
0 0.7534488689000998 0.10729421876857516 0.2231136344594221 0.1052601336666053
0 0.7534488689000998 0.15917255052802884 0.15969095464026675 0.0
0 0.7534488689000998 0.08932237508801082 0.24514402748846653 0.01467176347810396
0 0.7534488689000998 0.049683261435225765 0.23148990194543778 0.0
0 0.7534488689000998 0.013240357087972696 0.15748345840554548 0.0
0 0.7534488689000998 0.07124948474993918 0.13489872313919893 0.05525890634544462
0 0.7534488689000998 0.009717431049423837 0.15429991384954642 0.021792456841318118
0 0.7534488689000998 0.06741807517564999 0.12760311688631068 0.011557698822624024
0 0.7534488689000998 0.0 0.1692602063471147 0.01298122327961668
1 0.7534488689000998 0.062240553548053044 0.1745208082200207 0.022152218243371272
2 0.7534488689000998 0.7864266752023887 2.285022853356774 0.22593189548197373
0 0.6107874694574688 0.1324206704230276 0.19514577793595184 0.060580001881863965
0 0.6107874694574688 0.18754220727970672 0.1942121278152463 0.06212205186311475
0 0.6107874694574688 0.14152954825316658 0.16649711110551885 0.08262674673645047
0 0.6107874694574688 0.21413455871653883 0.16358443817597915 0.08319876855860187
0 0.6107874694574688 0.07389486354631321 0.22363813232284507 0.09869985587744706
0 0.6107874694574688 0.16400618877697076 0.065271114700785 0.04046777913249705
0 0.6107874694574688 0.10472452973576794 0.10951933753242447 0.04313411692453021
0 0.6107874694574688 0.1229827423621024 0.12000171899680939 0.050427036906761834
0 0.6107874694574688 0.08347430122047181 0.0051932617333180124 0.10197768276842975
0 0.6107874694574688 0.0885245106989335 0.16267065216343723 0.009914741662135598
1 0.6107874694574688 0.1313234121012999 0.14057336724823152 0.06331487823118326
2 0.6107874694574688 1.6504852314092198 2.2169933244324995 0.7686745957920826
0 0.6522971095409391 0.07506606078585994 0.20885317101884068 0.0
0 0.6522971095409391 0.04745594630555187 0.15502950606090998 0.033883890353545686
0 0.6522971095409391 0.046589148790896956 0.06451991924617077 0.0
0 0.6522971095409391 0.1110797172009977 0.1642927220566541 0.10476002789482944
0 0.6522971095409391 0.04354660780428191 0.09982819329949656 0.014086861706551063
0 0.6522971095409391 0.13642485334793156 0.1053253304653367 0.1441400412587844
0 0.6522971095409391 0.05834770706105088 0.05546193944215317 0.013739670714141967
0 0.6522971095409391 0.01670408370217102 0.11729703387824457 0.002532863973879623
0 0.6522971095409391 0.18634248882056267 0.15627766424150907 0.02093854079574897
0 0.6522971095409391 0.07480985982141576 0.14609376410092634 0.002396349882990405
1 0.6522971095409391 0.07963664736407203 0.1272979243810242 0.03364782465804716
2 0.6522971095409391 0.8981568062752115 1.915371510819152 0.3279148922723327
0 0.5543046425022574 0.2175012480742184 0.07589663676823435 0.19023854875523474
0 0.5543046425022574 0.17101345082641692 0.11338894380353788 0.0
0 0.5543046425022574 0.13780819583573545 0.11467600377948123 0.06467181837871155
0 0.5543046425022574 0.11789931475882184 0.17297215646165043 0.04200165027999099
0 0.5543046425022574 0.15124283141629888 0.15362575134075154 0.03472371017618377
0 0.5543046425022574 0.2057319471656538 0.1931364685568149 0.03906831521449552
0 0.5543046425022574 0.22406574345238184 0.2271066181345193 0.09044898931364494
0 0.5543046425022574 0.13895355070424834 0.06628260206023136 0.010288629787623611
0 0.5543046425022574 0.16616920778206132 0.11707653628191023 0.00697221694571053
0 0.5543046425022574 0.1897460470768226 0.09946539915448852 0.04392876842520542
1 0.5543046425022574 0.17201315370926593 0.13336271163416197 0.0522342647276801
2 0.5543046425022574 2.4294051665592162 2.214716912517326 0.548424581569312
0 0.7993067791437046 0.06625706821461698 0.15806776514127688 0.1255748260889603
0 0.7993067791437046 0.06830049054408702 0.12788868427248407 0.04040092943156598
0 0.7993067791437046 0.006963748051796981 0.03163644719950736 0.08534081641793964
0 0.7993067791437046 0.14132678011133848 0.1969640656589909 0.11022184515769831
0 0.7993067791437046 0.11761355458256229 0.09588149858687528 0.17653445997961542
0 0.7993067791437046 0.05815453452660391 0.1414156789792726 0.09556842247156372
0 0.7993067791437046 0.05306014019343822 0.1601316286567272 0.02471151163613321
0 0.7993067791437046 0.09353628960450548 0.08530599825179437 0.23152134319247197
0 0.7993067791437046 0.0601554679031756 0.21577314832434463 0.15372897851543937
0 0.7993067791437046 0.03644484006133552 0.17773704769626364 0.09076441464516778
1 0.7993067791437046 0.07018129137934606 0.1390801962767537 0.11343675475365558
2 0.7993067791437046 1.11788389749767 2.031457066673693 1.4387488513535325
0 0.7537627573310115 0.029597159274949273 0.07761424995074635 0.06846274081433643
0 0.7537627573310115 0.1107142816574479 0.1452619625649631 0.06919301938154246
0 0.7537627573310115 0.047365405149319924 0.1290835546160946 0.041681272296696374
0 0.7537627573310115 0.11388884262458578 0.17650169227441706 0.08272275335261858
0 0.7537627573310115 0.062048990265765255 0.15352372750983423 0.0
0 0.7537627573310115 0.17756838110802037 0.09734691652350316 0.03381742056804454
0 0.7537627573310115 0.04080729890590183 0.1495044660936889 0.13002101926360682
0 0.7537627573310115 0.13823739385640388 0.10561896672614521 0.1270667093394241
0 0.7537627573310115 0.11487038541069708 0.14835610346585626 0.0
0 0.7537627573310115 0.13839388041640807 0.031364365784409126 0.10561200755605529
1 0.7537627573310115 0.09734920186694992 0.1214176005509658 0.06585769425723245
2 0.7537627573310115 1.437715981098091 2.050061790364981 0.7401448107107194
0 0.612040439879178 0.19063227268047647 0.1359544536602194 0.08383023746367887
0 0.612040439879178 0.13315031734245789 0.10430833378469893 0.022617754900265238
0 0.612040439879178 0.05342772682208496 0.11816546637922921 0.025555998332683565
0 0.612040439879178 0.12377086693723982 0.08654725701444486 0.017067093044190743
0 0.612040439879178 0.2693618883005721 0.033940244024701284 0.011535459728566573
0 0.612040439879178 0.20505433238609286 0.07201545809181156 0.09619742236029118
0 0.612040439879178 0.09083393847563122 0.10670596170458244 0.026484093859274853
0 0.612040439879178 0.05607880285020457 0.031119869012457037 0.0
0 0.612040439879178 0.10389240495707809 0.04888765375025985 0.07885386784308852
0 0.612040439879178 0.06717859357811998 0.06491992569039037 0.09487196355606187
1 0.612040439879178 0.1293381144329958 0.0802564623112795 0.04570138910881014
2 0.612040439879178 1.7488353575639835 1.1438695596319053 0.5047039473597443
0 0.7276175183038535 0.20642117668263982 0.061331754347907934 0.03362268024340233
0 0.7276175183038535 0.10223837008807518 0.10669979938675869 0.09053374267603687
0 0.7276175183038535 0.0024025001566687063 0.15109827027608042 0.021692768173313295
0 0.7276175183038535 0.03286431064868483 0.137371483078702 0.06726256266382953
0 0.7276175183038535 0.02226546567055214 0.12965195929211779 0.04756827834008539
0 0.7276175183038535 0.060215259598321316 0.1837374488975132 0.0710448890932026
0 0.7276175183038535 0.09313809788140966 0.14506529566438456 0.07313422234940876
0 0.7276175183038535 0.010222419147860757 0.1633745590536811 0.08314583599671464
0 0.7276175183038535 0.10744168580434217 0.060980439736898796 0.0460999611237818
0 0.7276175183038535 0.060781844343450776 0.13310097314830718 0.11538098290412237
1 0.7276175183038535 0.06979911300220054 0.12724119828823516 0.06494859235638975
2 0.7276175183038535 0.8944062264619174 2.0423856782232894 0.7625593151242083
0 0.6200648381158733 0.16035626382426793 0.16402676347504463 0.061837091974275116
0 0.6200648381158733 0.1943471891283326 0.0207922306353475 0.10201750621793679
0 0.6200648381158733 0.14405168065372878 0.029145132820715982 0.06489608272920888
0 0.6200648381158733 0.16371922365104977 0.08998558692643424 0.08784183852036732
0 0.6200648381158733 0.1749023034020216 0.10216632038099455 0.014263101807005603
0 0.6200648381158733 0.19271087817876287 0.09788575555612752 0.0
0 0.6200648381158733 0.19507320158284042 0.12403231681221526 0.05726055576426707
0 0.6200648381158733 0.05939922354407848 0.2270245239342658 0.0575011744667245
0 0.6200648381158733 0.20195823266652796 0.26526776695097654 0.050180976296345894
0 0.6200648381158733 0.19523727962199547 0.0735095101712289 0.0658178972148553
1 0.6200648381158733 0.16817554762536058 0.11938359076633509 0.05616162249909865
2 0.6200648381158733 2.6297936688576335 1.7873626110475211 0.6227452501050397
