0 0.0 13.705 14.365 10.585
1 0.0 1.0 1.0 1.0
0 0.0 13.4425 13.6325 10.2525
1 0.0 1.0 1.0 1.0
0 0.0 13.42 13.5975 10.04
1 0.0 1.0 1.0 1.0
0 0.0 13.69 13.165 10.5275
1 0.0 1.0 1.0 1.0
0 0.0 13.8375 14.075 10.55
1 0.0 1.0 1.0 1.0
0 0.1 12.3825 12.7325 9.07
1 0.1 0.8843322755174775 0.9065201359030339 0.8215733842337992
0 0.1 12.1225 12.07 8.4725
1 0.1 0.8805638324900833 0.8882910336064895 0.8969706936285726
0 0.1 12.8225 12.3225 8.3475
1 0.1 0.9097605645640879 0.8955008001340607 0.8282268536987212
0 0.1 11.995 11.8 8.755
1 0.1 0.8701599359776417 0.8691947540764146 0.8234130294157092
0 0.1 12.095 12.135 8.4125
1 0.1 0.8843582104054774 0.8709180818057999 0.8288656476513622
0 0.2 10.295 9.9525 7.235
1 0.2 0.7670004466425562 0.7294124884225154 0.701662863937467
0 0.2 10.63 11.27 6.47
1 0.2 0.761817312953424 0.8072301341304255 0.6373884080312631
0 0.2 10.84 10.8575 7.6025
1 0.2 0.7699485236183977 0.7840920300804609 0.7105771294671125
0 0.2 11.22 10.5825 6.8325
1 0.2 0.8087819236255187 0.7671217710834908 0.6869645873725391
0 0.2 10.7275 10.945 6.78
1 0.2 0.7673688237364337 0.7885374365376652 0.6448294342346698
0 0.3 8.8625 10.19 6.8275
1 0.3 0.6599697380177794 0.7363949431558047 0.6638674981474412
0 0.3 9.7525 9.9525 6.13
1 0.3 0.6879332766615361 0.7041608279310355 0.5983372964661541
0 0.3 9.2575 9.8875 5.9675
1 0.3 0.6673012338741715 0.7216832188800589 0.5676554673496659
0 0.3 8.94 8.84 5.3025
1 0.3 0.674514652556369 0.6424280618924969 0.5256458463131092
0 0.3 8.9175 8.7775 5.6725
1 0.3 0.6685907537780871 0.6456410924268232 0.569048672856313
0 0.4 8.9375 8.795 5.4175
1 0.4 0.6419087338775736 0.6006652464027552 0.4922553916124092
0 0.4 7.9575 8.235 5.5025
1 0.4 0.5932858153838345 0.6044215578904621 0.5368793031923869
0 0.4 8.39 9.78 5.0125
1 0.4 0.5991825540349845 0.6970478673780289 0.438124344052266
0 0.4 7.9475 8.235 5.6075
1 0.4 0.5836291277594017 0.5927118134877629 0.5235890857270636
0 0.4 8.0725 8.5 4.7575
1 0.4 0.5820471173399889 0.622955063723229 0.45821301035116624
0 0.5 6.5075 6.91 4.9725
1 0.5 0.48426939270139857 0.4933518179922261 0.4825235246621886
0 0.5 5.9275 7.915 3.17
1 0.5 0.44919369381707797 0.5469793177599768 0.31538648065985553
0 0.5 5.5775 7.38 5.11
1 0.5 0.43092412265614777 0.534724811918868 0.4813094394927184
0 0.5 7.1975 7.8325 4.17
1 0.5 0.5515207247478807 0.5708247602952777 0.3974470485742588
0 0.5 5.6725 7.095 3.9375
1 0.5 0.4316933443780513 0.5338858674059472 0.3668252413775698
0 0.6 5.6675 5.6725 3.19
1 0.6 0.4233380196906464 0.41615288006028467 0.2976228151309304
0 0.6 5.0425 6.005 3.3175
1 0.6 0.3739091214984617 0.43173015554280847 0.3294462322571926
0 0.6 6.56 5.5825 4.545
1 0.6 0.5100722755023558 0.4266311273715664 0.43029262332381035
0 0.6 5.9925 8.245 2.9325
1 0.6 0.44987601517771675 0.594510362650354 0.27039366790645614
0 0.6 4.9525 6.6 3.4875
1 0.6 0.38470148650918184 0.49015522063459555 0.3496188923435774
0 0.7 4.19 4.22 2.0875
1 0.7 0.31561447711817175 0.3016934810383846 0.20551236247014182
0 0.7 4.165 4.5 2.6075
1 0.7 0.30819938454362594 0.3304788226717534 0.24856571609244782
0 0.7 4.3025 4.81 2.57
1 0.7 0.32696450231454277 0.36024254747550105 0.2489543662689766
0 0.7 5.305 6.005 3.6425
1 0.7 0.3906455269276261 0.42688914636726627 0.3559026784711068
0 0.7 5.3275 5.33 3.67
1 0.7 0.42682581534455993 0.3858946959853114 0.3630917433219274
0 0.8 4.2675 5.74 2.985
1 0.8 0.3077159497867895 0.40616944606237676 0.2873454510422919
0 0.8 4.575 4.37 1.995
1 0.8 0.33242965354682014 0.30007967049754664 0.18831709077673964
0 0.8 3.53 4.5325 2.7
1 0.8 0.26311921727652604 0.31897936865672477 0.24514938181303095
0 0.8 4.375 4.9725 2.515
1 0.8 0.3362266016597315 0.3387162202299843 0.23091734817423643
0 0.8 6.1575 5.0325 3.0675
1 0.8 0.44117648661183717 0.3727855724521436 0.28596870417996567
0 0.9 4.155 3.5025 1.4
1 0.9 0.32791679888863906 0.24149412549649335 0.13918092683564273
0 0.9 2.84 2.8975 2.02
1 0.9 0.22913540204500063 0.21513999220649638 0.18465312522766467
0 0.9 3.385 3.65 1.8075
1 0.9 0.26078563135535493 0.25813456829040526 0.17611793114851068
0 0.9 3.1175 3.525 1.4575
1 0.9 0.24078084495411883 0.24014921281305324 0.1370690257624542
0 0.9 2.6225 4.2425 2.3125
1 0.9 0.20402949510839297 0.28127046953462315 0.22130903695650977
0 1.0 2.41 2.5125 1.4475
1 1.0 0.19766266798283968 0.17373206650184742 0.13509486061999618
0 1.0 2.4825 2.3125 0.95
1 1.0 0.20472101070546656 0.17879410234876203 0.09245237959704529
0 1.0 3.0725 2.2875 1.6025
1 1.0 0.2535944184708365 0.16770615214231402 0.1573405765842361
0 1.0 2.685 2.5025 1.0325
1 1.0 0.2099933806989628 0.178400618703421 0.0990431693703337
0 1.0 4.6875 2.75 0.53
1 1.0 0.3858873984471798 0.21304582095356767 0.049837610933915526
