0.0 4 10.647082928581671 7.260589106145886 10.633120316544492
0.0 4 10.315828666815042 4.816331279703092 4.736084043021571
0.0 4 13.625890762055668 19.842398825049614 19.105715501598745
0.0 4 9.320413977753677 9.386701747432541 9.001605933391762
0.0 4 9.88701062012701 9.76054005455583 7.362081681745237
0.0 4 4.779337689948235 10.188107538459334 10.228984513260801
0.0 4 13.526743352916055 16.852806173195585 4.246502249887419
0.0 4 7.780686596155461 7.679538262236159 5.990714224508227
0.0 4 17.190482326231624 16.311275820596027 6.362355364485021
0.0 4 10.92379171339809 14.753700198365628 12.729669172574212
0.0 4 10.017308803841514 11.456157704034826 12.0829978848799
0.0 4 9.821435535166415 13.043543367117184 12.771405896920324
0.0 4 13.68842873622322 13.804737495625657 9.013984626403921
0.0 4 12.5183965968297 14.685167016030498 12.109412072455159
0.0 4 9.081197467605445 9.268050280489097 10.24781013945194
0.0 4 15.6212873942062 15.974044477733978 11.311557223933868
0.0 4 10.92817121628108 7.508772578944524 7.5548933809347325
0.0 4 13.960713765860344 13.851355585590294 8.06949003991877
0.0 4 12.031668380113086 14.122400032521766 11.978870777275807
0.0 4 11.868434355649299 11.023816781478143 9.465902113248394
0.0 4 14.143275670133875 13.112646576970933 12.478782420775481
0.0 4 12.891483503566466 16.390156297231446 10.534334786973313
0.0 4 7.593592385263042 7.78569855403292 9.957471474419778
0.0 4 9.075110966738483 11.22386809520675 7.782378944085838
0.0 4 10.949502144511198 11.751294652693849 10.014152968918426
0.0 4 14.254321375724992 15.551890187258618 15.944586542706373
0.0 4 9.742022738011164 7.831884232016711 9.71831836854941
0.0 4 12.683819723347884 12.77101777180503 12.213538667425928
0.0 4 5.857250879412429 10.222088900128641 9.77609604598959
0.0 4 12.231724977245417 17.27223821816013 11.966669664209896
0.0 4 10.651196287665258 4.715660460994178 10.872716598416478
0.0 4 11.226489865898479 11.293743246833007 11.372155394200293
0.0 4 16.005432537322264 17.269034170617818 15.434524226387724
0.0 4 14.31003938570345 8.13554458410343 8.903314977225802
0.0 4 10.988190783564221 12.127734072034547 10.868841001371168
0.0 4 10.734574208908176 11.756923225745615 10.772363308350046
0.0 4 8.963933205439636 9.21485565382239 8.978200118447537
0.0 4 11.86650008666069 13.680510743376209 12.022650099921606
0.0 4 17.335685694354886 13.72866246257094 13.257867316952353
0.0 4 14.407714171318494 15.596373596428124 5.575090623730916
0.0 4 17.006515458877296 15.109115464176682 5.929035133552849
0.0 4 11.326455803115872 11.634650379574161 8.773829444274046
0.0 4 9.592647072613888 4.536093966201825 11.020907914138334
0.0 4 6.955717355543347 14.647319724529599 8.607047522605534
0.0 4 11.283170059112065 9.587704530433234 9.822279481202745
0.0 4 5.383148265879237 12.014762824642046 9.592094456277822
0.0 4 10.137070683200438 6.326259738264506 6.197638736485247
0.0 4 6.276841111051586 4.233700524185581 8.029672957819832
0.0 4 12.101343004456764 11.550405898085266 10.417536903956966
0.0 4 11.316271448458682 13.422400700350964 10.261277005319876
0.0 4 9.976636837826339 8.558965621980365 9.647484506076902
0.0 4 6.977451256881812 7.219164284487318 7.018987779217949
0.0 4 13.765089860866151 14.395651500918037 10.644434688848333
0.0 4 13.465952488153926 13.123073882620664 12.373169106115792
0.0 4 10.665014470317312 11.843854794974314 16.250836491874278
0.0 4 15.33257599270776 15.073729091259366 11.855103282480535
0.0 4 8.120975244527262 13.381299855370335 12.386208774594124
0.0 4 11.965843730700525 12.055704472971513 8.729024531358984
0.0 4 12.576556798410815 13.51528221267683 5.403029887376267
0.0 4 14.032322557677388 13.394811923230495 6.200948561689069
0.0 4 13.015376243545552 14.508468307526233 8.57238148060107
0.0 4 10.807981585262276 11.47752848030593 10.490260284230873
0.0 4 14.15235461660525 13.440820292024739 12.508217948263654
0.0 4 7.8859527082677285 6.416422877787906 9.967215199219977
0.0 4 9.701996983346014 9.978635951577289 9.533464705686026
0.0 4 9.96077768754639 10.698085311887196 10.739410255795223
0.0 4 12.150181868342164 13.84356782917814 10.330325267627146
0.0 4 11.18336262550242 11.618600986700178 6.883124348127334
0.0 4 8.815516041910417 9.080285770972107 8.808841551807603
0.0 4 14.886299978037068 14.914361932685694 13.350318734574355
0.0 4 9.183854091718333 18.430898220166636 16.275596209616722
0.0 4 9.905283608519277 9.86811431552713 9.718540391433848
0.0 4 13.308493346093394 13.687098460542735 10.549487177878088
0.0 4 11.02604782438165 7.572786315528826 9.105276419870906
0.0 4 15.329371736420342 15.905676537224897 9.53376008484195
0.0 4 14.431025142697099 16.33867343826369 11.25154935565605
0.0 4 11.53398756125654 4.9154525526401365 8.467003510033415
0.0 4 12.26900436638813 15.0839994368159 11.759266381582805
0.0 4 7.521022824301361 7.859341890544981 12.96184883951299
0.0 4 13.396068786845262 15.888918186946368 14.018691667451677
0.0 4 10.73926000239605 14.278493866642094 10.201042335389278
0.0 4 8.124090092626853 13.356068772860954 8.984834784108001
0.0 4 7.516869616889883 7.976857516376884 7.229636728934296
0.0 4 4.401296286062144 8.578947683675906 5.113637055638371
0.0 4 17.202122502103347 7.245057658474869 8.739599231214335
0.0 4 8.617839023062508 7.347806246165429 7.281829592480336
0.0 4 13.309707166043479 7.854707187973839 12.928361346803877
0.0 4 11.01063618199655 13.432928990194377 11.588243415517526
0.0 4 10.789453234883533 10.958427403910388 11.542042702857993
0.0 4 7.364957475678437 4.788583833739246 4.48913199015394
0.0 4 10.633462576076397 11.646929680836717 11.049132976774867
0.0 4 8.110804595660172 8.409266815102857 7.919467170287217
0.0 4 10.719728554104686 10.278999558007353 6.111804512097931
0.0 4 12.723098456566573 10.634991788712991 8.259285398162557
0.0 4 9.08114202600793 14.201256337457197 7.838919048150492
0.0 4 9.840920163592923 14.42599130838294 7.630983640824256
0.0 4 15.047722906334384 12.249566078165156 10.172357610468746
0.0 4 14.209665446219365 13.863640795297355 11.245480659112713
0.0 4 9.874582305909255 17.16811938255551 9.679502044712825
0.0 4 14.494376434975882 9.829902244300404 14.385785920542569
0.0 4 10.655934029824545 13.642595930100251 9.174716245625598
0.0 4 9.076414893865431 9.393700301620985 8.767330791748016
0.0 4 12.843446121828055 5.11998534988451 5.939451636873715
0.0 4 10.574424161890407 14.59963619062305 14.243929977573062
0.0 4 11.3529313709718 10.14235167809815 6.140253063786173
0.0 4 11.281551892653574 10.490669977482916 10.725586634501946
0.0 4 11.79149193213111 13.54243746913522 5.863243417199835
0.0 4 9.367840694328972 9.56074781440414 9.401719146615939
0.0 4 11.644069522966985 14.765559996738546 11.231028305566253
0.0 4 8.592847866189683 14.499885354632209 12.891994925733366
0.0 4 9.348857615100785 13.991249219480613 5.432420139359311
0.0 4 11.502629783176697 8.883098066063855 6.800225072524625
0.0 4 11.917452593199366 11.064067939276264 10.170132439247512
0.0 4 13.010798133649631 13.491079029774736 11.842304153515062
0.0 4 12.821068017804262 13.714263801104627 13.614186971472803
0.0 4 15.304747440491354 13.161015647906662 11.443056803991807
0.0 4 13.150502059890663 16.185174402805977 12.365775996369903
0.0 4 11.815170568100726 12.24354101526881 8.503032267645688
0.0 4 10.991274261383587 11.10110380682176 10.281952563115325
0.0 4 10.649811406346906 10.393774525457758 9.81869845422014
0.0 4 13.564547619028348 14.677511957358167 8.683051767565008
0.0 4 12.127579664916267 8.99702504022258 8.414788637469057
0.0 4 6.001263281822141 8.652389615257995 8.27276879131656
0.0 4 8.990164300504832 10.576750204225988 10.145078942302716
0.0 4 7.6472444768417045 15.041597588613788 8.71496329968266
0.0 4 8.55157754574296 13.020230829946657 5.245445636133657
0.0 4 14.055735526071146 16.220044242652232 14.729282665768954
0.0 4 13.848976670149272 15.010900079112021 10.10894281233325
0.0 4 11.904531915461847 16.64587921559646 12.551163485757298
0.0 4 7.723493002216024 14.557258588725254 12.452171067137458
0.0 4 16.137484344336013 12.592773789779136 7.115280591231645
0.0 4 12.136365483638514 8.307110111750994 9.514764431060852
0.0 4 15.53351914258048 12.902136384453213 6.162340983883723
0.0 4 14.258033602649935 10.450673864267378 9.555421916727385
0.0 4 9.69908471520495 11.564045422730866 7.521432984589715
0.0 4 11.801386673358992 11.789864061018942 10.59417423880999
0.0 4 12.399832504061258 10.73921469766033 10.670145403556024
0.0 4 14.863108644457494 15.358093056759602 10.24071757271892
0.0 4 12.560832234923271 10.693342195032434 11.60346068625265
0.0 4 2.896194706510912 3.0300574678230756 2.7956447886020017
0.0 4 7.271132244797359 10.612705780807563 5.165745338626664
0.0 4 10.079921050043398 8.385747597992367 10.28109558843046
0.0 4 11.021443998539597 14.143700951700579 12.796635263638297
0.0 4 12.53118108946173 13.867859692538785 11.777066385161328
0.0 4 12.148770240487076 12.364733007716792 7.629403209178976
0.0 4 11.566653994021184 11.062000737341545 11.550358381523866
0.0 4 14.534049806362814 17.571896794021598 14.545215330080163
0.0 4 16.602390538319902 15.2889550787782 8.3452149140573
0.0 4 14.602497663946833 9.985586143171156 5.217929471424663
0.0 4 15.612326644384328 15.86058911634186 9.550234201665674
0.0 4 13.438678153728517 18.63906618638238 9.01587024061951
0.0 4 11.65833367431462 10.559124111539582 10.570419545410632
0.0 4 13.417133274013846 13.679595690894267 12.831765672243039
0.0 4 12.68438462180416 10.336051628696966 12.653057176180644
0.0 4 13.47734254933176 12.090069326153037 5.109215951226597
0.0 4 11.602213875218178 6.006077324085302 6.036021349946372
0.0 4 10.17723505671733 6.9352312111083645 9.6925938904535
0.0 4 8.245910437631167 15.622486371776168 13.226729718813173
0.0 4 12.01249737560783 13.730477222052231 9.17623464742067
0.0 4 10.257172167311333 8.427986078556012 8.531057673107647
0.0 4 10.748227034986282 8.556228181278183 8.476518305654563
0.0 4 10.386319851249056 7.10937506576416 10.91590422194889
0.0 4 13.948263470640923 11.20633720177855 13.126543016905408
0.0 4 12.553886265052933 5.0908507020061515 12.61038124076713
0.0 4 9.044407465264534 9.951439035383002 9.859086626331136
0.0 4 14.095681085130973 16.654455427065827 11.009474358128669
0.0 4 9.58887733212679 7.9029391106104665 9.650387422831473
0.0 4 7.216989116548288 14.097399888742205 9.499163590683203
0.0 4 10.725839802771352 14.19980149729882 11.61465925626881
0.0 4 13.839610332178117 13.56334881141104 11.141150612800184
0.0 4 8.49639216215673 9.58949642208439 9.307387561806264
0.0 4 8.132536488089722 13.082996648063066 11.12463401070853
0.0 4 12.707953312063397 9.694313926978925 10.206275000940854
0.0 4 10.143465963680628 10.792412890489464 10.471159550073025
0.0 4 6.444011677553784 7.540898088694149 6.482901367025802
0.0 4 12.401708172307401 7.303760618287968 12.424390146049204
0.0 4 13.400705024806495 16.88425276890717 9.93501071196775
0.0 4 10.45624169360422 11.763795183090432 11.426577845700567
0.0 4 8.59631471432338 12.173669953179479 8.547846007793924
0.0 4 13.554869405877044 13.67821672034537 9.711770963626677
0.0 4 11.175333185925746 11.003326319091725 11.022321090715556
0.0 4 6.640055915015918 12.38580672223497 12.275557712954539
0.0 4 6.98421478802115 7.115910941796727 6.713817900615169
0.0 4 9.828318320540937 10.625623621055352 10.428595595760575
0.0 4 10.956861438187785 10.697801901029012 9.957168230492096
0.0 4 8.645100228476279 12.65088619583938 10.263655902426015
0.0 4 12.998153190530953 12.011518581014261 11.55530956261849
0.0 4 10.632072206017687 10.515176753924875 10.729243501270824
0.0 4 15.91954036001737 12.174314364566108 9.068130638667764
0.0 4 10.780698335584574 12.205537745422482 12.021694383598128
0.0 4 12.634857724036403 14.705307458494213 11.070126926197316
0.0 4 7.042987964527968 9.89257002187672 6.911998056335032
0.0 4 12.320083224869455 12.73693249754383 12.660741939548673
0.0 4 13.916645032143487 13.58368423121417 12.130441229384907
0.0 4 11.699088221948754 12.435386827697187 7.08744727826844
0.0 4 9.504454838669727 14.719596612161066 10.826264602869717
0.0 4 11.135289849244483 9.236434449682768 11.366107161693604
0.0 4 17.049403075757123 16.912257247396948 16.334528875729752
0.0 4 8.558528362555018 10.599634218634604 10.489310946916707
0.0 4 9.65679026565218 9.86453615821949 9.624445106380437
0.0 4 8.34710035711177 13.560081053342683 5.878391745453019
0.0 4 10.540277484449039 17.07946267545215 7.101754877346243
0.0 4 7.970805205497612 8.156845852562514 7.667185718432827
0.0 4 9.908710385292874 13.973683781195541 9.434911773710734
0.0 4 10.948503718327348 9.69322077961007 10.074610913507046
0.0 4 8.833679259006388 10.622103981082867 4.9761690693237774
0.0 4 10.553658952557303 10.767554040379043 7.522016868231324
0.0 4 7.988517828138782 11.958583774032942 5.559332199648957
0.0 4 12.209210370951126 14.870205683934833 9.038323046086536
0.0 4 12.882584094807763 12.949163943539785 12.237609579730567
0.0 4 12.92741615519045 13.701258589565922 10.032724366352095
0.0 4 12.128930005039487 13.282798313217084 13.445387230484535
0.0 4 9.735876760206699 4.684114848633339 9.597780250715042
0.0 4 9.344545269865444 11.170489046706667 5.777831443435991
0.0 4 10.647005588303694 11.842502699371321 11.399045264419541
0.0 4 6.425124080783522 14.247410528886283 11.674650849551114
0.0 4 7.7623644178779045 10.254835123391384 10.075116187298699
0.0 4 10.108607361794974 8.339491371755411 4.945017077800617
0.0 4 10.89303090169624 5.841751687433429 5.5615602209657045
0.0 4 13.91974084690963 14.83228887889744 11.192160322678042
0.0 4 4.944469483202369 4.966926376720977 4.741432854801538
0.0 4 13.649039923036577 15.696605636773667 10.025297461847844
0.0 4 11.09284186680117 13.341466460972686 9.989561000407809
0.0 4 10.675765584341601 11.158996810846542 10.213119715410482
0.0 4 9.010175025548225 9.383775616950965 7.8653626392173
0.0 4 11.778176668343741 11.584635585647145 10.8704371378907
0.0 4 12.045214797088109 10.10989477060325 9.364591369792345
0.0 4 11.161113388112037 11.562754679958118 11.133701295120002
0.0 4 9.22242413264485 14.615650213202784 13.05195806014537
0.0 4 14.74352276411428 13.489784473821125 11.461064497889579
0.0 4 14.265356978240453 11.293250945447786 8.893558454305344
0.0 4 4.656047204509636 12.064296571395992 11.409330508957371
0.0 4 12.564459923399435 6.941301536689324 12.087090997941274
0.0 4 13.057445430979996 8.139247413643478 9.402817263012432
0.0 4 13.010233397146177 18.572280825925542 13.133762203025416
0.0 4 5.500048467705627 13.796309807176538 7.801908599055145
0.0 4 14.448115588971561 9.216200684142088 4.3841000123307365
0.0 4 11.075108713577965 11.275109629192249 9.493346647000962
0.0 4 8.800034367427106 8.671758494021773 8.232006220923997
0.0 4 9.427285820057499 10.106243005574713 10.233208558677964
0.0 4 9.649121632272056 12.00207359919429 9.354294872362246
0.0 4 8.700465808226241 8.768372347043139 4.71043975767002
0.0 4 9.03473269425622 10.16977579544626 6.94897644562927
0.0 4 9.554381232766527 12.02436082189329 8.267535657956262
0.0 4 14.127368736337935 11.895553201137039 12.320309714171383
0.0 4 11.647420095790247 11.204851556810246 10.950409337131504
0.0 4 13.817349712327541 14.860910765152092 11.492661950415577
0.0 4 11.841406176847926 9.40254069897581 9.685254855379918
0.0 4 11.82695525197373 11.610618357827452 11.431317871932865
0.0 4 7.821529455763476 9.449198858019159 8.675936435889152
0.0 4 11.180613108176997 15.882614174417949 7.8295336536119535
0.0 4 19.27436584055315 19.783354125228104 18.835023462684344
0.0 4 7.1387870726191744 10.040732944506447 5.290166097974541
0.0 4 7.900335164722108 5.205706914864406 7.457581272822722
0.0 4 10.351386805901717 10.821765836669346 9.71145566958063
0.0 4 11.988765511221178 11.935216670948611 11.93201055990283
0.0 4 11.024612222627942 12.55171807902651 10.07871049271355
0.0 4 12.410744306639522 10.469857557089018 7.063154435805392
0.0 4 17.207502318923957 16.16668356863677 11.924047608002747
0.0 4 12.944988851695875 12.003208638688958 8.770472214774816
0.0 4 10.714082548658041 11.604483109599931 8.657399541416694
0.0 4 15.300846805964719 12.782915706680354 10.523541263276861
0.0 4 13.152136294409765 12.524333826796118 9.006578803071374
0.0 4 11.925929193795547 12.726711984446997 10.96769276971499
0.0 4 12.334969443561745 13.906141720908314 11.986478851784707
0.0 4 11.07338739086963 11.725577090655174 10.567374589097147
0.0 4 11.447754944000089 14.017471406703637 7.917930987080876
0.0 4 11.859491124477879 14.140531627082357 10.349154496772053
0.0 4 11.924214787060158 17.417904245402227 14.894894572839341
0.0 4 12.00017484980384 15.286257938979341 5.8430559308972185
0.0 4 14.189636755762772 18.16158819405787 16.541563977400227
0.0 4 11.480852197718344 12.050287494230158 12.184334521693803
0.0 4 6.013050615025049 5.512236819153824 5.448188966606038
0.0 4 9.93577526723975 16.747139987400725 8.085855824399212
0.0 4 14.68533916346188 15.300847109827671 9.67176486412573
0.0 4 10.084117512120764 12.298021984464555 8.837914549947786
0.0 4 11.429383555010139 17.467580250730528 6.324380203412141
0.0 4 13.613835999028689 16.35985408547008 12.588284614198239
0.0 4 11.022878982438185 12.60055061458246 11.31709882801538
0.0 4 13.036292349728667 10.159116355093351 9.262565648990837
0.0 4 10.571768811787033 15.606519797914567 9.43580189222979
0.0 4 12.059525520278115 11.631177490878292 10.872603820482098
0.0 4 10.7958713489423 8.226848402861867 6.633978118962233
0.0 4 7.939340777494209 8.484735674528656 6.481766055543691
0.0 4 9.857371987788316 9.048484551734484 11.714338950448944
0.0 4 10.8285187522865 14.767113815620155 6.1807395400555984
0.0 4 14.026231493829314 15.774121489622704 11.697452246670013
0.0 4 10.128653125416363 10.891084396655044 4.6054740997207535
0.0 4 13.637166104484459 14.139068545233666 11.259116736531931
0.0 4 9.45101174664601 10.27741891966204 9.550329620115651
0.0 4 16.29542058269862 15.669829658612045 14.361302921323029
0.0 4 9.952585980440862 10.114777839122079 8.183371362488533
0.0 4 10.680610395176489 11.342490918760276 5.2636137423979585
0.0 4 13.551643438514873 10.922197535831314 9.561006733080532
0.0 4 10.9339546078632 10.326875231908852 9.317988695562523
0.0 4 5.752430563350209 12.137389732760251 11.066434135844577
0.0 4 10.456956183547094 8.673667654864168 6.07164891586872
0.0 4 12.209011600078057 12.564580018756637 9.844327829103415
0.0 4 7.0862565761118415 14.275938027623013 7.6123843759002785
0.0 4 11.005791569960603 11.462018152523113 10.520131160537865
0.0 4 12.645626952732028 15.11470056441388 5.162460547368821
0.0 4 10.358064096216102 12.02494350988383 12.023827250387065
0.0 4 7.345741855478047 7.960138299979402 7.923591594654409
0.0 4 16.079420881953585 14.140895958613024 13.88417748627491
0.0 4 11.08672391147274 19.284026512035737 11.228120334747574
0.0 4 9.504100207318281 10.515399914011656 9.983943988659613
0.0 4 15.989854548300853 8.99126285149631 10.373847061986016
0.0 4 6.771606434355037 11.371746083546988 11.061289277423823
0.0 4 11.702208922250065 13.560075797367642 13.129916047985448
0.0 4 15.90183807092383 7.322177087448161 10.830381662930055
0.0 4 11.372183603981327 10.83966360554677 12.518269887803902
0.0 4 10.939605728326702 11.304696920634342 10.741028046784825
0.0 4 9.115739475611596 12.96397047917156 10.349390708960636
0.0 4 13.734843313050854 13.95894807957635 12.768332382872886
0.0 4 10.729393471416193 17.083299546046987 10.922250165227593
0.0 4 14.850537105642742 20.01296400007158 13.689882425896249
0.0 4 8.977137755704616 9.084732923798935 6.802059342075197
0.0 4 10.731686046271898 13.692331976133254 9.514738222916371
0.0 4 12.456599693891157 14.587635979324698 11.594545146878723
0.0 4 12.722445724328423 12.240316918407428 11.952383131525709
0.0 4 13.980113360667298 14.200439004151324 9.158929949803026
0.0 4 11.993101375193273 9.17165835740047 8.921402352155393
0.0 4 14.164956389315908 14.31222446945061 6.171843663055617
0.0 4 13.922900166841796 15.798322925209671 15.28893469393931
0.0 4 10.45531576479617 10.408097272038532 8.658535875653296
0.0 4 13.832124149696227 10.358993546354718 13.690086554536363
0.0 4 12.620025755871817 16.499194212536327 14.931256154728466
0.0 4 17.139069012759343 12.354410541904041 12.1107142195971
0.0 4 12.441392435700909 13.084452041337213 12.82945943123984
0.0 4 9.696158468672703 14.99437976972619 8.386994435991337
0.0 4 12.704906596151183 11.53764436576561 10.896360384938578
0.0 4 11.841384718520304 9.776126992233046 8.527146653688728
0.0 4 7.767869997022114 8.097806847555804 6.668657626285238
0.0 4 11.717516391422073 8.442792675833367 7.9816394338290975
0.0 4 9.760072171842507 8.544051593503868 8.357377535798669
0.0 4 9.92734195802083 11.712211525952105 11.278732381702106
0.0 4 9.533660774746618 7.685534669505953 4.852959713098622
0.0 4 9.01541877136084 9.323775617215581 9.90311206711793
0.0 4 10.542114709547072 10.902626737222572 10.271909660825962
0.0 4 3.143920990414742 16.13243976770525 4.03265976247398
0.0 4 13.444036811787964 12.624660070748464 9.211526877583637
0.0 4 8.441630041799424 13.61124980485001 13.156135508383047
0.0 4 12.663887166166502 14.900140567413118 9.379964365910727
0.0 4 14.04177757149459 9.147556932478446 14.038797730456189
0.0 4 13.956097072638464 7.095244302895995 11.8475063782635
0.0 4 6.346177402997021 12.833283781077972 6.403497330735502
0.0 4 3.161046766062914 3.2667367764749686 3.138529411908144
0.0 4 15.402000852975538 16.7932518988024 16.813656665641144
0.0 4 15.349110144951204 16.818356604774646 10.20314264725014
0.0 4 10.25186288452578 14.057854048926487 9.894928427534651
0.0 4 10.833745146774731 11.756688154611977 8.791708122316019
0.0 4 12.997339462566979 11.646771004765741 5.661912684438766
0.0 4 10.84509200567775 13.970506673601209 12.794281564760107
0.0 4 8.555200197082742 14.346909251120433 8.557030790672485
0.0 4 12.080238273020605 11.633138203248809 11.70298714786193
0.0 4 10.026556452042469 12.745994748967975 12.291305615636865
0.0 4 12.8305232634006 10.233620912879076 8.93921063056986
0.0 4 9.286706429151192 6.418627367177256 8.479937682542339
0.0 4 3.516090230304523 12.907289639096428 12.4100518629775
0.0 4 5.4866793702508385 5.8766634907449165 5.204699201583597
0.0 4 10.44060032571846 14.145415826207357 10.381675377210843
0.0 4 13.83797434011516 14.976599596491836 14.628508386635202
0.0 4 9.390134805732803 15.534957629575942 11.499808727944803
0.0 4 9.091238444194763 12.470167550929432 9.417423534046964
0.0 4 9.45119834046966 11.117107414651878 8.680449666759
0.0 4 11.24789771466041 13.525501483421996 10.322573194264775
0.0 4 5.889198313098983 6.5257770066693235 5.962544048548999
0.0 4 10.185607796897465 10.940263117000459 10.346644057576773
0.0 4 9.577159466675678 10.996142692295274 11.645858827462158
0.0 4 13.6487046967025 13.46247890284066 12.390415229562803
0.0 4 10.222736372329198 14.05437404317814 9.232094061374458
0.0 4 9.157506051515623 17.094134103746796 9.497715122051932
0.0 4 15.416714179891235 13.71076016938802 13.052160786301641
0.0 4 6.417565087367817 13.559623141479456 5.7205740700925505
0.0 4 10.770098603192183 12.76934499249302 10.68542724705449
0.0 4 11.606124266177872 17.721522987797645 13.381051372929095
0.0 4 14.62747459773443 10.886390352412146 11.376881603760655
0.0 4 14.742799290165083 11.567504303769669 11.035929884152852
0.0 4 9.616667551618477 11.789782043848223 8.974553508401998
0.0 4 15.255006204989296 15.423065064220024 9.006926299116206
0.0 4 3.5691386965895853 11.715311674082628 10.468052456524806
0.0 4 10.406704682150924 10.755662921260974 10.519796345987587
0.0 4 11.770063187197486 16.733891584193337 11.912751961970786
0.0 4 10.747941034369696 4.87099159844125 4.51362846838026
0.0 4 8.579138260124447 8.915843078475582 5.787531827624525
0.0 4 9.751133837017864 10.996141748479996 5.636983289389157
0.0 4 9.99388086059291 10.095697610477897 10.007700580073493
0.0 4 9.349335930679647 8.622332401667036 8.29941553470767
0.0 4 12.51539866722909 19.25188672598723 10.955860628830266
0.0 4 16.3404537054342 12.703809543358195 12.602674001817734
0.0 4 11.389921860835633 13.717809086437772 11.095998192460309
0.0 4 11.363646404128827 10.649386458456815 6.19523034393638
0.0 4 8.365811344594725 12.855038708409202 8.487786035623872
0.0 4 12.403119331816747 8.794138334195958 5.604067827446693
0.0 4 13.239971174010126 11.266138386415282 10.119744250695327
0.0 4 10.952642597723502 9.421215785130451 9.269656568974725
0.0 4 13.843176548029552 15.036110807709143 12.115532825567797
0.0 4 13.304448841855558 9.816560534513433 10.037875072781661
0.0 4 15.387129632992664 15.778596684033566 13.329913253344575
0.0 4 6.369863605213722 11.99010414335943 9.353133900489155
0.0 4 15.763066361878238 12.089553988405237 11.439513800108303
0.0 4 15.697707331834323 14.851136263973723 15.104648407188982
0.0 4 10.21871118471803 6.083535691394837 5.611710784146785
0.0 4 10.742902382321644 10.112721566324547 9.681129966543962
0.0 4 15.258575979969017 8.797864212784354 8.34527004407273
0.0 4 9.250976055247998 11.87562557101292 7.3033885422994445
0.0 4 3.6241152539076347 15.17211852750079 11.02122145323578
0.0 4 8.123034601350884 12.583912941607842 10.26669443526109
0.0 4 16.89771423673385 13.903225688751288 11.59692719740462
0.0 4 6.87357137405941 6.70339438914615 10.640260852571293
0.0 4 13.495183715290834 14.924779571972607 12.666254225100671
0.0 4 10.835063552799232 10.586550604447547 10.458515540677215
0.0 4 13.442901539848634 13.38621254576111 11.948715789117824
0.0 4 8.047947407886783 14.576095847687343 13.075507641397733
0.0 4 11.98111902835783 9.469031934165564 9.309346785560242
0.0 4 11.362666002209904 6.966084906135755 6.417762238082797
0.0 4 10.26955869705179 8.020387106254004 7.917545774551749
0.0 4 9.373879630105499 11.174529873589776 10.691557233808958
0.0 4 13.742312116360646 13.711594047757393 12.875957863181068
0.0 4 7.423057213613905 5.691523990672928 13.186565217461347
0.0 4 13.834360084217634 9.495930184530538 6.971118521610794
0.0 4 10.267336243859738 10.95479084655495 9.582532798134068
0.0 4 9.389547828334164 9.154277449104002 8.888311371550795
0.0 4 15.445529639569378 11.249192098519364 10.84440773511204
0.0 4 9.297407462138366 19.412252618200508 10.8912040090807
0.0 4 14.021168209137237 8.246405554856926 7.827804678279876
0.0 4 9.46935638791313 10.522830731645863 14.18290188292617
0.0 4 7.381517643999695 13.113178372317712 6.709083970779656
0.0 4 14.552621115951942 12.433556011011028 12.117418539045651
0.0 4 9.815727128035086 11.221921307080938 10.876073538080691
0.0 4 15.289304921900996 14.959529452440252 11.235400644959517
0.0 4 8.452862087874433 9.248094732315497 7.853265599190496
0.0 4 9.802529416040064 9.455325435299173 9.359478347655104
0.0 4 14.126281912318916 15.072595238101643 12.546648565242467
0.0 4 7.268758451844991 6.041754207826553 4.893448441698689
0.0 4 6.834587520019936 12.278596573776797 7.934532310736973
0.0 4 10.122740001442757 14.89079196429483 8.435818748429341
0.0 4 11.795030740248771 12.361462504698645 9.604467965062973
0.0 4 5.363550658443541 10.976917160791333 4.984896668833144
0.0 4 15.2299456327717 11.038642010567285 10.364726715029592
0.0 4 10.901892682275957 10.58580931760798 7.276891548493637
0.0 4 12.592976783923786 11.335261523662025 11.206665406000193
0.0 4 13.86000360875173 10.531846594242104 10.972347249808346
0.0 4 13.791787423974435 11.555918431060066 11.161071120528545
0.0 4 9.6642193900996 9.617376056858749 10.55464064933238
0.0 4 14.31054949506298 14.981639320359848 10.114477868328448
0.0 4 14.921455409988791 17.263920042110474 12.385979987839788
0.0 4 8.57973912364649 8.76732773160792 6.776829570591834
0.0 4 13.184227141113446 15.17083152109247 12.291971430701219
0.0 4 11.371502012275187 13.70393208709076 10.438196107183012
0.0 4 14.47079762355379 8.891052644173529 10.968182496854311
0.0 4 10.116472882821421 12.329106554088659 10.25030236972919
0.0 4 9.410906140552 10.027958134818544 9.86709209939912
0.0 4 14.237375770818252 14.455710159775114 10.330212554786954
0.0 4 14.271790498438484 11.430390376127077 10.84800224764715
0.0 4 11.453487044742753 13.212097306311481 7.391607159556267
0.0 4 8.601038752963074 11.364431383696989 10.945199560007435
0.0 4 11.233751045443395 11.750923552768748 7.160938021219575
0.0 4 16.77722004200301 7.764790332905272 9.903293218033353
0.0 4 12.499274476609466 10.530922981621444 10.387608841020027
0.0 4 11.158014729600128 11.61373655326009 11.227783667033306
0.0 4 6.747548998936933 12.217230436856482 9.966750367319591
0.0 4 11.762269809646016 5.771450807393608 5.407567024144439
0.0 4 9.63933780180122 15.649795835524404 10.717348257575347
0.0 4 13.112493965244003 12.015062513568054 11.366707011041616
0.0 4 11.662435253974703 14.054178465846912 11.842914770941347
0.0 4 8.933325605658164 8.385462390914977 7.838002999144419
0.0 4 10.399532097039362 10.223361430937025 8.356388616812755
0.0 4 8.155329176770579 6.3159986723258115 6.2739301027347105
0.0 4 11.049393157359681 12.683647832668534 11.435522330332086
0.0 4 9.45516963974515 12.073185481052931 8.422736842221832
0.0 4 13.53250817913184 12.226416567664566 8.94577871153288
0.0 4 14.851012788294268 15.606944934036314 11.75809825331658
0.0 4 8.230660395516756 10.418131774879603 8.309141567595042
0.0 4 9.465431563773505 13.16427306681627 10.100223144243046
0.0 4 11.178671244647948 9.437608680361334 14.416320951523067
0.0 4 7.876816843536612 8.326960150505522 7.715551158834141
0.0 4 11.545051661626644 14.396142048395353 11.576657889649205
0.0 4 11.25589310724691 17.863513996734874 13.088455667853351
0.0 4 10.34646259225189 13.40966552937393 12.787577409338036
0.0 4 4.995282592169959 11.946740896615937 13.269053981747982
0.0 4 7.336886307445545 7.208780763525988 8.273891102190124
0.0 4 17.993524664747195 11.962049324954755 11.82718412858557
0.0 4 14.15174642209553 11.971690497800953 11.623191810488105
0.0 4 7.295111190802751 13.80166654320705 10.983161413381195
0.0 4 8.078616239631211 12.372189062855304 8.068698546951197
0.0 4 9.017982315259223 10.779415250075129 10.331514006788762
0.0 4 13.332456032306489 13.52268343128931 10.898112931671069
0.0 4 7.569546936759143 10.101548783003265 9.823978567792182
0.0 4 9.75765905690312 10.016149808906894 9.668342884775974
0.0 4 8.978235482490215 9.431538121509293 5.7893520107597745
0.0 4 9.45216090109502 9.818895105126373 10.996764883011672
0.0 4 13.888233078386477 17.76128304277419 13.589787020237331
0.0 4 12.044061722550083 14.172030358375478 11.575841863695487
0.0 4 16.5357920020394 14.82095829897139 11.299384243871893
0.0 4 12.606137339972056 13.890509586721565 12.958706844318117
0.0 4 12.646939069046404 7.79236937744702 10.934184851888933
0.0 4 13.597862616465196 15.255377644831297 8.74139565756569
0.0 4 14.846709429743607 11.66687332500938 11.863785204773913
0.0 4 14.568737593887903 13.011530305287021 11.147533239629222
