0 0.0 1.0 1.0 1.0
0 0.0 1.0 1.0 1.0
0 0.0 1.0 1.0 1.0
0 0.0 1.0 1.0 1.0
0 0.0 1.0 1.0 1.0
0 0.0 1.0 1.0 1.0
0 0.0 1.0 1.0 1.0
0 0.0 1.0 1.0 1.0
0 0.0 1.0 1.0 1.0
0 0.0 1.0 1.0 1.0
1 0.0 1.0 1.0 1.0
0 0.0769271391823437 0.6921266627807935 0.725472388860075 0.5360269083294632
0 0.0769271391823437 0.7539495638573317 0.7954587650709098 0.77358134880655
0 0.0769271391823437 0.8420474842850941 0.8913759294197007 0.666929798380201
0 0.0769271391823437 0.678528764533617 0.6508773092980308 0.6497385473053346
0 0.0769271391823437 0.8331514748595639 0.8091097928366001 0.8069043088370924
0 0.0769271391823437 0.7987158467202156 0.8953292461892758 0.8318889840574449
0 0.0769271391823437 0.777685593306683 0.8155455803324541 0.6226661792707392
0 0.0769271391823437 0.7056486178432096 0.818834624445604 0.756501196721039
0 0.0769271391823437 0.7476528752897925 0.9055407395137027 0.6465257455804096
0 0.0769271391823437 0.6688232176256288 0.672993109614633 0.7511155979233801
1 0.0769271391823437 0.749833010110193 0.7980537485580986 0.7041878615211654
0 0.07678872752624641 0.7031375023723808 0.9163089399226294 0.8117703612993626
0 0.07678872752624641 0.7452145775982002 0.8119189548260329 0.7684876577060931
0 0.07678872752624641 0.7750705862684371 0.7718622508443306 0.838198377853305
0 0.07678872752624641 0.8146430150638255 0.813729621310716 0.8162655842241612
0 0.07678872752624641 0.6510431839592048 0.8338156754292053 0.792192404968964
0 0.07678872752624641 0.743201491984478 0.8472869447143548 0.602313978562067
0 0.07678872752624641 0.7492342086310928 0.7653027072964741 0.8693211885319339
0 0.07678872752624641 0.763127717174426 0.8130062669549007 0.787017229775426
0 0.07678872752624641 0.8484591479335291 0.8442657485076183 0.769541283964092
0 0.07678872752624641 0.7691987772121749 0.9271481653436162 0.8144094481845039
1 0.07678872752624641 0.756233020819775 0.834464527514988 0.7869517515069908
0 0.07652485118478157 0.8184071171043743 0.7903314850234595 0.8079539829898432
0 0.07652485118478157 0.6738091391891016 0.7284119575938084 0.6962837317278372
0 0.07652485118478157 0.747422970284189 0.7378328272286967 0.8310107693981834
0 0.07652485118478157 0.6794590710482168 0.7181007324457112 0.6721794203579163
0 0.07652485118478157 0.8212653781028388 0.7754145334173822 0.6488953657098131
0 0.07652485118478157 0.7697186849268876 0.6995471934973475 0.706969027936897
0 0.07652485118478157 0.8560627265615316 0.7733945256699069 0.7013754165544067
0 0.07652485118478157 0.6401007006014214 0.8432008643350061 0.5913939157409546
0 0.07652485118478157 0.7033323387543043 0.6340377312702591 0.8221173716795079
0 0.07652485118478157 0.7889263327067916 0.8506799246499904 0.6062227262998863
1 0.07652485118478157 0.7498504459279658 0.7550951775131568 0.7084401728395247
0 0.07045643155107557 0.6674888894045078 0.820436830508463 0.8431358885459725
0 0.07045643155107557 0.738310053961567 0.8496457868054902 0.7277453358678858
0 0.07045643155107557 0.7677538132665702 0.6717107026026095 0.8465785676145705
0 0.07045643155107557 0.735142644555373 0.8401493734494789 0.7678615535729525
0 0.07045643155107557 0.8147174699021112 0.7389969717161949 0.8278907996962879
0 0.07045643155107557 0.6885652005569213 0.7668838259578036 0.7461232522637008
0 0.07045643155107557 0.8820869758507078 0.8196097906607257 0.8090905395233929
0 0.07045643155107557 0.7772327193767626 0.7264781615010106 0.7553228794030236
0 0.07045643155107557 0.8060447993269138 0.7862090262570458 0.7317053162080117
0 0.07045643155107557 0.8228501931157469 0.8459039046496579 0.6924588443310781
1 0.07045643155107557 0.7700192759317182 0.786602437410848 0.7747912977026876
0 0.07026026084742605 0.7598252221372352 0.9071327103283695 0.7144518667085369
0 0.07026026084742605 0.7615665741049911 0.8065884101579838 0.6676032426594153
0 0.07026026084742605 0.7218466535803626 0.8609642903104888 0.5875498472927757
0 0.07026026084742605 0.8403559607456004 0.8303887865322983 0.7997331810169632
0 0.07026026084742605 0.912990223327278 0.8145835681557372 0.7536098304733317
0 0.07026026084742605 0.7640875633635553 0.8827789496651502 0.598118112566048
0 0.07026026084742605 0.7316689178198631 0.7986358839039911 0.5898316096763161
0 0.07026026084742605 0.639086485486339 0.8369326255850961 0.5160467424962001
0 0.07026026084742605 0.5811999787949506 0.8315373818620533 0.7585985179804516
0 0.07026026084742605 0.8377513873669883 0.8408966459569822 0.6610608850370333
1 0.07026026084742605 0.7550378966727164 0.8410439252458151 0.6646603835907071
0 0.1235932694837343 0.6555685705519785 0.4672157627725403 0.6468376974842945
0 0.1235932694837343 0.6295915060051542 0.5836137822468803 0.5969834036517526
0 0.1235932694837343 0.6420452018430373 0.7379496951676103 0.5733418261611936
0 0.1235932694837343 0.707356874121407 0.7194885770001344 0.34261455906194593
0 0.1235932694837343 0.5776694335264146 0.6390134246112376 0.5116181257747149
0 0.1235932694837343 0.6130200394073945 0.610193345329487 0.5271979251174315
0 0.1235932694837343 0.6317937976883063 0.6882046091039806 0.47040442679475336
0 0.1235932694837343 0.6744435085534606 0.6984826032157342 0.6188109900161246
0 0.1235932694837343 0.5981517649321167 0.4956939193776811 0.6207492919909253
0 0.1235932694837343 0.5349292639069374 0.600527892519467 0.6537787127643748
1 0.1235932694837343 0.6264569960536206 0.6240383611344752 0.5562336958817511
0 0.11963537519464533 0.6736975080624632 0.5360198711976765 0.4740572097158297
0 0.11963537519464533 0.6001540870934057 0.6571806383237517 0.5020279132022166
0 0.11963537519464533 0.6167952064023131 0.6374906150652053 0.5018777866094
0 0.11963537519464533 0.6769713634780489 0.7108070112794019 0.38387733472761537
0 0.11963537519464533 0.7064290530964189 0.47790752035316353 0.6856754126355138
0 0.11963537519464533 0.6268509296942538 0.717030566448857 0.41648531589954635
0 0.11963537519464533 0.5334320261520353 0.6333750854937825 0.5912581131385348
0 0.11963537519464533 0.6658430317148338 0.6495730455494053 0.4264133066486959
0 0.11963537519464533 0.5207285642776859 0.5448787989951306 0.3765851657084743
0 0.11963537519464533 0.6668751181091708 0.7057332968542448 0.5329043508088289
1 0.11963537519464533 0.628777688808063 0.6269996449560619 0.48911619090946556
0 0.13044729507378602 0.6230896150334891 0.5790358837255404 0.39885729768035993
0 0.13044729507378602 0.5607418212982137 0.672026069859904 0.6704882274812296
0 0.13044729507378602 0.4322606407970393 0.7002576467595114 0.5778952189637169
0 0.13044729507378602 0.6133670034554628 0.6515894669249931 0.6253364314110051
0 0.13044729507378602 0.5961459465638155 0.5874848867933646 0.5514428222856018
0 0.13044729507378602 0.6218943733559241 0.3776658677937858 0.47498119181113746
0 0.13044729507378602 0.603405428272812 0.7151004013176961 0.5797666420940565
0 0.13044729507378602 0.6385218257625191 0.618509116161675 0.5488995377557293
0 0.13044729507378602 0.5785715713604679 0.64613515720987 0.2764657650593062
0 0.13044729507378602 0.6017855332989397 0.7148320513780011 0.4443236658674291
1 0.13044729507378602 0.5869783759198682 0.6262636547924342 0.5148456800409573
0 0.1253343557731108 0.6621242370047374 0.6802989928235527 0.6356402289692413
0 0.1253343557731108 0.740114999137898 0.5902142739327821 0.5027835551225986
0 0.1253343557731108 0.7176418274248386 0.7217884629708259 0.5843783827265089
0 0.1253343557731108 0.7846896568377313 0.6221985981446841 0.5450680400139152
0 0.1253343557731108 0.6532564172319916 0.679118624597074 0.658376344847663
0 0.1253343557731108 0.525289960500782 0.6731886927982911 0.2105787732125591
0 0.1253343557731108 0.6314608668130901 0.6186679803744791 0.517866903194358
0 0.1253343557731108 0.6276231341606674 0.6902636623617325 0.5805500924840514
0 0.1253343557731108 0.6816779051142046 0.6446930179754269 0.5796871641300827
0 0.1253343557731108 0.7492830329688225 0.6783577462994832 0.6184158714897493
1 0.1253343557731108 0.6773162037194764 0.6598790052278332 0.5433345356190727
0 0.11190972628309505 0.5702359003524544 0.567226336466465 0.441768752492793
0 0.11190972628309505 0.6429815543240804 0.5773059275263864 0.3028205276706249
0 0.11190972628309505 0.5193821947107252 0.5800838123554526 0.5127301819654905
0 0.11190972628309505 0.7305509077403538 0.5381042415557947 0.3489110995459602
0 0.11190972628309505 0.6749716338988422 0.6518479789920585 0.4599260402110811
0 0.11190972628309505 0.6527780166337901 0.708823338683318 0.46009495754753654
0 0.11190972628309505 0.6699240974157566 0.6151620715719254 0.4870851580060045
0 0.11190972628309505 0.6066118221883844 0.5804626926246983 0.33043453489334423
0 0.11190972628309505 0.631803887468544 0.581810416329247 0.5120929341699904
0 0.11190972628309505 0.7567826423237783 0.6190507845287496 0.45156839539073007
1 0.11190972628309505 0.6456022657056709 0.6019877600634096 0.4307432581893555
0 0.15842239044310835 0.4798882007847299 0.5192218201923521 0.40849933521054005
0 0.15842239044310835 0.5600599873371975 0.5846767275023845 0.3460595895453669
0 0.15842239044310835 0.5392801361026694 0.45952731417069487 0.29144382501843624
0 0.15842239044310835 0.4347309593480807 0.4950199567742064 0.47319558457873157
0 0.15842239044310835 0.5218839424378996 0.4795355423919831 0.4205667129716107
0 0.15842239044310835 0.4461126168975017 0.4250371263774557 0.43768583513251574
0 0.15842239044310835 0.5738455275373845 0.591993034067279 0.4456415720464464
0 0.15842239044310835 0.5314322533703854 0.5147040762631206 0.16205222986900017
0 0.15842239044310835 0.37626402142881266 0.5358017514347488 0.4241402989164665
0 0.15842239044310835 0.5818888144201172 0.47866519055470286 0.4290400674571333
1 0.15842239044310835 0.5045386459664778 0.5084182539728928 0.3838325050746248
0 0.19951425193462854 0.5120022066482628 0.573927628985429 0.418115096520194
0 0.19951425193462854 0.47105489027351916 0.5676198769374202 0.5291574595564134
0 0.19951425193462854 0.5802221302214847 0.5852314679854094 0.5097897702504536
0 0.19951425193462854 0.4028463019968951 0.6469927866595724 0.4452906954278528
0 0.19951425193462854 0.5452178654351371 0.5238124764107923 0.3552104548443093
0 0.19951425193462854 0.44016931713935437 0.6612873068763799 0.25094184218022586
0 0.19951425193462854 0.5917013800705375 0.470159201364928 0.5482406414638571
0 0.19951425193462854 0.2951927375313212 0.44513712812083006 0.45473395555396057
0 0.19951425193462854 0.550961804681344 0.5255179726850973 0.30828670885066384
0 0.19951425193462854 0.569572881629344 0.527719602431759 0.28105243324578694
1 0.19951425193462854 0.49589415156272 0.5527405448457617 0.4100819057893717
0 0.14225692856902025 0.6250547220281263 0.5123695749874647 0.31326246598972357
0 0.14225692856902025 0.678850505780866 0.5520957610986922 0.42805492528449923
0 0.14225692856902025 0.47484044625037436 0.48550417175602334 0.4607489670066497
0 0.14225692856902025 0.4807076897458297 0.3716482380043434 0.38216095145068385
0 0.14225692856902025 0.618366267016829 0.5943314143022784 0.3997688517030062
0 0.14225692856902025 0.5467071350711185 0.573399856384656 0.24656894983552366
0 0.14225692856902025 0.6778864926386017 0.5822795678391754 0.4194909213338991
0 0.14225692856902025 0.41596873079853963 0.4420847477853776 0.35116178825266364
0 0.14225692856902025 0.4623972376832509 0.4772419488916167 0.4727587671061204
0 0.14225692856902025 0.6926223814136271 0.408559800497218 0.3381938184629433
1 0.14225692856902025 0.5673401608427163 0.49995150815468464 0.3812170406425713
0 0.2481557940285462 0.35549977358830637 0.4302631267550711 0.2709982156856987
0 0.2481557940285462 0.2524954345282605 0.48125986219668493 0.23760791838224735
0 0.2481557940285462 0.4151591863990535 0.4521646589688637 0.24296761109407905
0 0.2481557940285462 0.37350109865341197 0.6237220488601216 0.2763711651474003
0 0.2481557940285462 0.3966302516580217 0.5872579495933588 0.07473201173819594
0 0.2481557940285462 0.42098771326968804 0.578083219354622 0.23551777925405626
0 0.2481557940285462 0.4593046776068387 0.7248473250716567 0.26539058964051243
0 0.2481557940285462 0.20243391003370997 0.6436727175185301 0.3719163938893955
0 0.2481557940285462 0.42243226326445754 0.5316728324687342 0.29326994450174904
0 0.2481557940285462 0.2964198773741005 0.6011249294227163 0.27550964234623276
1 0.2481557940285462 0.3594864186375849 0.5654068670210359 0.2544281271679567
0 0.22050721212622193 0.5725464685587122 0.5030275805929405 0.43559690618132685
0 0.22050721212622193 0.3938400618658345 0.5386035557455422 0.35444915516111203
0 0.22050721212622193 0.47440583979129275 0.34336446213947724 0.17615560904083594
0 0.22050721212622193 0.4301482134224806 0.5430226068221239 0.5467638175260169
0 0.22050721212622193 0.4531341774744694 0.5514461882545537 0.2369960311959738
0 0.22050721212622193 0.5110481185779809 0.4142854322665518 0.344137201846079
0 0.22050721212622193 0.25997561559727234 0.3698574597194813 0.3763900022214988
0 0.22050721212622193 0.42711996229796045 0.4052367956082989 0.3665806145106251
0 0.22050721212622193 0.4769891756569564 0.5172672183143402 0.30076043616811743
0 0.22050721212622193 0.4213103389311994 0.501286096307704 0.2903570973725202
1 0.22050721212622193 0.44205179721741594 0.4687397395771014 0.3428186871224106
0 0.27239508092964637 0.27710825222219215 0.42946254282250773 0.43273181606644207
0 0.27239508092964637 0.2558121469893269 0.4011944314429964 0.2071717838237367
0 0.27239508092964637 0.356107746184343 0.4623314845628448 0.31711305677969504
0 0.27239508092964637 0.5207682775587036 0.3696092718274889 0.3010859410512864
0 0.27239508092964637 0.3545357337341355 0.47199246866520367 0.3966589679274905
0 0.27239508092964637 0.37410490763901105 0.4316548988188428 0.3377623981112693
0 0.27239508092964637 0.3819864364235548 0.3999518416301673 0.2466374793576428
0 0.27239508092964637 0.336779209106461 0.43699506271827127 0.21756303898863905
0 0.27239508092964637 0.3811016661914903 0.446250523173636 0.2547207841560767
0 0.27239508092964637 0.2385810319479201 0.306636024900798 0.26335951773278304
1 0.27239508092964637 0.34768854079971384 0.41560785505627573 0.29748047839950614
0 0.2701892924175807 0.2641069680639744 0.31572482136453217 0.17212446176498336
0 0.2701892924175807 0.3764576729599853 0.25260606438138455 0.19388210533275424
0 0.2701892924175807 0.48266424877594105 0.2146704293193495 0.19704868282207058
0 0.2701892924175807 0.3748459744378857 0.39341282439110914 0.15193233633625008
0 0.2701892924175807 0.2862687154995693 0.4008779509745789 0.2011224392667352
0 0.2701892924175807 0.34720939779455046 0.4042725091030625 0.26115363723982177
0 0.2701892924175807 0.5292354192813912 0.31862371658102434 0.19458828856914612
0 0.2701892924175807 0.28071049394972103 0.2886627901338478 0.21662130130457818
0 0.2701892924175807 0.2525456983741558 0.4113185320730097 0.15979304758183663
0 0.2701892924175807 0.26269492058077903 0.4031634028404821 0.08870007823033213
1 0.2701892924175807 0.3456739509717953 0.3403333041162381 0.18369663784485082
0 0.2785974803938521 0.34569639483025955 0.4503807437622077 0.3297189433604811
0 0.2785974803938521 0.4078890259070287 0.43498498106410644 0.18524518904405313
0 0.2785974803938521 0.3238618149685319 0.4305596550327939 0.20320989289069522
0 0.2785974803938521 0.5190055394201204 0.3665855340409795 0.09750373069311674
0 0.2785974803938521 0.43013061409914993 0.37400679155232686 0.23629074505545503
0 0.2785974803938521 0.3028436803132991 0.3645857237319943 0.20896967173525496
0 0.2785974803938521 0.34401413529779623 0.4526059618716843 0.36340709830441476
0 0.2785974803938521 0.31595544604744435 0.40829890930900864 0.17181843855852458
0 0.2785974803938521 0.3754643625167589 0.4575732624167451 0.2640215887831076
0 0.2785974803938521 0.32681607663428486 0.48139550726218483 0.27684954699722086
1 0.2785974803938521 0.3691677090034674 0.42209770700440324 0.2337034845422324
0 0.32712786128603827 0.312264537519146 0.41718943491499677 0.23368934137722583
0 0.32712786128603827 0.3553755642492894 0.31498894174147624 0.0935950361347594
0 0.32712786128603827 0.33680540188324093 0.49004662583996084 0.21518858672845273
0 0.32712786128603827 0.3490151760910425 0.17709240820061653 0.3003007813534201
0 0.32712786128603827 0.2235602816498682 0.34871318508036997 0.18554400257415343
0 0.32712786128603827 0.14070412908070026 0.2555825195588195 0.2685675592444678
0 0.32712786128603827 0.28130928873260447 0.4442261142354145 0.24424668203826272
0 0.32712786128603827 0.3176283898900681 0.41483413202614294 0.31540519681178836
0 0.32712786128603827 0.2124741609423119 0.34329715337093125 0.20920858946422333
0 0.32712786128603827 0.3043882209715434 0.49243535679872347 0.3191434231481154
1 0.32712786128603827 0.28335251510098153 0.36984058717674523 0.23848891988748688
0 0.30510212604319253 0.2816297245846356 0.36249335652558157 0.28947137678525264
0 0.30510212604319253 0.34566975767729824 0.42020518838709775 0.2182707316407727
0 0.30510212604319253 0.3698615598575658 0.4577652551663607 0.12860442996848967
0 0.30510212604319253 0.41549565365986607 0.47837377453771013 0.23899587935282426
0 0.30510212604319253 0.3115398711316067 0.3837139827984924 0.2009939291203401
0 0.30510212604319253 0.31959490950858144 0.4557058399301588 0.21328065545433045
0 0.30510212604319253 0.4749601614480239 0.4480644389450196 0.042588182439016624
0 0.30510212604319253 0.37576602887310817 0.43844325755045793 0.2337271375490196
0 0.30510212604319253 0.3314437182520042 0.4068042364330924 0.11349016946013216
0 0.30510212604319253 0.31787639730938483 0.2955371238056559 0.18896796136355365
1 0.30510212604319253 0.3543837782302075 0.41471064540796265 0.1868390453133732
0 0.3451909560124085 0.12060452366047561 0.25671265482950534 0.2663070193769009
0 0.3451909560124085 0.2529134233138282 0.1976875967834773 0.25227132611902126
0 0.3451909560124085 0.31175642543498966 0.2629618116976274 0.21887163006222415
0 0.3451909560124085 0.13058831208942764 0.25763246633656983 0.22835368159192318
0 0.3451909560124085 0.43097288132314093 0.1923772452020692 0.2204794200000385
0 0.3451909560124085 0.2964960342722893 0.22384281614976811 0.2318758525593979
0 0.3451909560124085 0.27874345444306775 0.24735702795425157 0.19340850663109202
0 0.3451909560124085 0.27645304600574044 0.2568156599835474 0.2056905437756329
0 0.3451909560124085 0.35423984873331754 0.38724840220710777 0.04880616268697218
0 0.3451909560124085 0.41223376400436734 0.34121660001814985 0.2098357058242443
1 0.3451909560124085 0.2865001713280645 0.2623852281162074 0.20758998486274471
0 0.2884010859061612 0.31764659516538335 0.3925039527240725 0.11904992088140025
0 0.2884010859061612 0.35753037688943473 0.45632612900871483 0.12752558800701735
0 0.2884010859061612 0.3268383134310904 0.45053764662394385 0.1714485721815581
0 0.2884010859061612 0.4744356422668483 0.30924774374169745 0.15858840287723977
0 0.2884010859061612 0.25163950171800475 0.24334541752526617 0.13314081670022726
0 0.2884010859061612 0.37190581553593904 0.41945150883042737 0.18742793595429502
0 0.2884010859061612 0.13722750764659394 0.28169728072644995 0.1485676074058699
0 0.2884010859061612 0.3660854801591257 0.28550042541143544 0.18450950732765267
0 0.2884010859061612 0.3698440121862293 0.39530863941347744 0.2988403225289807
0 0.2884010859061612 0.26453881932664486 0.31555967210581676 0.09218807557155347
1 0.2884010859061612 0.32376920643252943 0.35494784161113013 0.16212867494357946
0 0.37780279799392297 0.17550260870741974 0.37356121919679397 0.08963771392420432
0 0.37780279799392297 0.38905252445673766 0.32228734032217576 0.31958593773424837
0 0.37780279799392297 0.2613749291160837 0.18136960282923942 0.05555349995741132
0 0.37780279799392297 0.20126792782750982 0.3281544859812354 0.17665952253797385
0 0.37780279799392297 0.24333433887710998 0.3055667861902535 0.05375205555843646
0 0.37780279799392297 0.28964117210153345 0.49672116915360043 0.14062919368924623
0 0.37780279799392297 0.3274960606619388 0.33748279255255215 0.23127344379308992
0 0.37780279799392297 0.1361470914986277 0.21929098250335524 0.08849056762391305
0 0.37780279799392297 0.24542813996934656 0.2356571286004929 0.10024612842231073
0 0.37780279799392297 0.21845119836402419 0.28744688766987936 0.060204947051564046
1 0.37780279799392297 0.2487695991580332 0.30875383949995777 0.13160330102923984
0 0.37372240059044437 0.38423508433115083 0.2960418487474035 0.19847071651860543
0 0.37372240059044437 0.35882207312683273 0.2947433043688801 0.15855053035731706
0 0.37372240059044437 0.2745820296873718 0.2381048195215326 0.07324425306922283
0 0.37372240059044437 0.10605576590417926 0.14477624673649112 0.050994358845639354
0 0.37372240059044437 0.3761337541977779 0.24933551207487606 0.13255667977490648
0 0.37372240059044437 0.39632577891214354 0.29532586434820624 0.13528820730601865
0 0.37372240059044437 0.3439910687505946 0.17852989183096457 0.1416624511148478
0 0.37372240059044437 0.45771088372733115 0.21764653737685888 0.1850477228454132
0 0.37372240059044437 0.24273480975611741 0.42577756516533377 0.21169264647072916
0 0.37372240059044437 0.2471787875638004 0.28791612246829507 0.04468636298154533
1 0.37372240059044437 0.3187770035957299 0.26281977126388417 0.13321939292842452
0 0.38620162970565275 0.24834672028555885 0.349854226189076 0.21589875799871755
0 0.38620162970565275 0.20467447810305925 0.3104843529757755 0.1286498948804582
0 0.38620162970565275 0.27663278476790354 0.3095881986501828 0.13755765284675806
0 0.38620162970565275 0.16397334954462647 0.3024670015251704 0.15774202202442603
0 0.38620162970565275 0.330387807933383 0.3913219571471088 0.11508855111368742
0 0.38620162970565275 0.21419145171915865 0.27627596587113923 0.12815434807019147
0 0.38620162970565275 0.3234671406290921 0.44216470937270247 0.1384542658950194
0 0.38620162970565275 0.284923503688867 0.27154470378795204 0.10622036756278569
0 0.38620162970565275 0.2938383645141412 0.27555265567019915 0.20506434058416356
0 0.38620162970565275 0.2481673403207299 0.21123901458695038 0.16198540913481116
1 0.38620162970565275 0.258860294150652 0.31404927857762566 0.14948156101110183
0 0.4484557382145735 0.22935831405600393 0.34379025493258436 0.2529889585568548
0 0.4484557382145735 0.15917929830405905 0.2595719677338886 0.23965951530733628
0 0.4484557382145735 0.18665484454327333 0.37518400135509955 0.2954241476698684
0 0.4484557382145735 0.25976562210112025 0.421168157772485 0.21827432807055405
0 0.4484557382145735 0.33400462602663317 0.27791214932151537 0.16908949060203338
0 0.4484557382145735 0.29293553501736236 0.389647584673482 0.30794690183302326
0 0.4484557382145735 0.15644969475653656 0.245376364725859 0.053010187449357433
0 0.4484557382145735 0.1868367781129273 0.26086649160344083 0.1443363206685349
0 0.4484557382145735 0.10981737466570667 0.34502507104216484 0.1595639483619035
0 0.4484557382145735 0.24208601978572497 0.48295362859541974 0.26483024669185534
1 0.4484557382145735 0.21570881073693476 0.34014956717559397 0.21051240452113212
0 0.43949255425119904 0.1677621991086729 0.2800138842519599 0.2282949194904259
0 0.43949255425119904 0.19845645793117286 0.29236502067820436 0.20375587449398333
0 0.43949255425119904 0.2534845887039019 0.198263788283248 0.2854195985781857
0 0.43949255425119904 0.3130849461832517 0.27626701219761757 0.12858697768462732
0 0.43949255425119904 0.1534322572709108 0.3404927948932748 0.1026519427559146
0 0.43949255425119904 0.08406171723074982 0.1503590290472669 0.23193452869703934
0 0.43949255425119904 0.19000712002974854 0.3534093907764456 0.10983982858317015
0 0.43949255425119904 0.3266781354253316 0.16643773539763912 0.20117764762108029
0 0.43949255425119904 0.14426130149856564 0.27215605537978516 0.18820356882269618
0 0.43949255425119904 0.2636957283239696 0.40114788554732755 0.2144188162832177
1 0.43949255425119904 0.20949244517062754 0.27309125964527686 0.18942837030103404
0 0.29881261388238023 0.24212593068830673 0.37216874536419137 0.1667288535855796
0 0.29881261388238023 0.3221959632325644 0.30772784976722295 0.16817700835923186
0 0.29881261388238023 0.25859873281404405 0.3360118222016035 0.12791897871873698
0 0.29881261388238023 0.37379505890576653 0.21873224811321765 0.13502767543786728
0 0.29881261388238023 0.4339668836242962 0.1339321893804914 0.11163139576769988
0 0.29881261388238023 0.2242775340294473 0.35193186942874083 0.12070283655720455
0 0.29881261388238023 0.2971486029401554 0.44300536382614936 0.210470315443344
0 0.29881261388238023 0.31501693404787806 0.34149746763475536 0.18259480901608782
0 0.29881261388238023 0.3918093572880679 0.2611664823480809 0.14406816182674312
0 0.29881261388238023 0.41524098332982634 0.37532830552239316 0.15702531952629836
1 0.29881261388238023 0.3274175980900353 0.31415023435868467 0.15243453542387936
0 0.43678884123744954 0.16056278409066937 0.18737689371969088 0.1795117766351045
0 0.43678884123744954 0.3100398676214925 0.25813379359483185 0.22203581795144772
0 0.43678884123744954 0.2148076496432921 0.18377949379682532 0.2411512227492568
0 0.43678884123744954 0.2135411043875282 0.23154811452912064 0.14416537565848933
0 0.43678884123744954 0.1709060816868621 0.24245645399670152 0.1092390123481298
0 0.43678884123744954 0.2559154835805544 0.16049306131185612 0.16024980667510985
0 0.43678884123744954 0.22815743103464986 0.18369724540148458 0.14411801101539984
0 0.43678884123744954 0.20986100451859693 0.1949959776576067 0.1029210977187866
0 0.43678884123744954 0.1241139533958992 0.1810430185809969 0.14629149489849164
0 0.43678884123744954 0.17406981702090435 0.19996506330711208 0.13255494386738148
1 0.43678884123744954 0.20619751769804492 0.20234891158962265 0.15822385595175975
0 0.34750243514222806 0.30610928856181374 0.18166594846285392 0.19411040023391282
0 0.34750243514222806 0.3241199880017432 0.26436068055907436 0.0730840842109498
0 0.34750243514222806 0.315549360708827 0.1915756120234833 0.2089217217424452
0 0.34750243514222806 0.21705896983349038 0.1387776386387004 0.15151644777146597
0 0.34750243514222806 0.31472916805519613 0.19751485503083335 0.22688291845141292
0 0.34750243514222806 0.4231681502496797 0.2672413285029778 0.23223608993528813
0 0.34750243514222806 0.2699716934098156 0.12690028189182456 0.27237199977983645
0 0.34750243514222806 0.2324331699658686 0.10511573940419605 0.033751894493028595
0 0.34750243514222806 0.31913008789819636 0.15453153678635972 0.18857652838324393
0 0.34750243514222806 0.3041598004771012 0.2161207204725953 0.18803150471773836
1 0.34750243514222806 0.30264296771617316 0.18438043417728986 0.17694835897193223
0 0.5905646882084838 0.02775869221038433 0.11813184605072824 0.11160717235848586
0 0.5905646882084838 0.19899868918289623 0.2683623132141276 0.15356666615163606
0 0.5905646882084838 0.1994009329216761 0.11796392504516183 0.10729954307136381
0 0.5905646882084838 0.26653032793615955 0.10250000893683152 0.12792211312490898
0 0.5905646882084838 0.14813556636314018 0.18410011041686178 0.05758514586962039
0 0.5905646882084838 0.2653746110472398 0.1993094315791321 0.0747718026439397
0 0.5905646882084838 0.19750662140154313 0.08631030843989522 0.05569960290776161
0 0.5905646882084838 0.023553946056179692 0.08995742706069045 0.06718430949870995
0 0.5905646882084838 0.12204702790313028 0.084061456767055 0.06836984205476536
0 0.5905646882084838 0.26829144997463245 0.10627226342405598 0.02655094098398857
1 0.5905646882084838 0.1717597864996982 0.13569690909345397 0.08505571386651803
0 0.5479828112442573 0.15871380431177415 0.1368309057517982 0.12273865686341551
0 0.5479828112442573 0.25862938589247725 0.18114234777247268 0.1129876336442215
0 0.5479828112442573 0.17781300772505795 0.1947709600834283 0.038640683773430606
0 0.5479828112442573 0.11306242890843202 0.10964790717448698 0.041551073792452736
0 0.5479828112442573 0.1659690923628906 0.1228581415398387 0.0
0 0.5479828112442573 0.1923459771630222 0.10398727148560258 0.07556820306335923
0 0.5479828112442573 0.16265376584374194 0.13844437404603185 0.1131202773967003
0 0.5479828112442573 0.3050151755886582 0.060421084367863 0.0011341374694782654
0 0.5479828112442573 0.18963381168802568 0.24259253829406824 0.07429528216254144
0 0.5479828112442573 0.09037592728646412 0.1775811170562839 0.15732263311983635
1 0.5479828112442573 0.1814212376770544 0.14682766475718745 0.0737358581285436
0 0.43969211939661246 0.17557532479690358 0.3189803011391425 0.003997923499212668
0 0.43969211939661246 0.09037002702466364 0.3007907127699421 0.07913147951659497
0 0.43969211939661246 0.07276387420540316 0.11632573051828594 0.07236784320032458
0 0.43969211939661246 0.0899632011395819 0.2858405655682968 0.004513843410777572
0 0.43969211939661246 0.17243753385491764 0.3027803053054256 0.1718794798288598
0 0.43969211939661246 0.23217630173414794 0.29005332384093546 0.06842115843052549
0 0.43969211939661246 0.236143778544714 0.2861622126895103 0.038384909223865255
0 0.43969211939661246 0.17179505469305703 0.18432718677328808 0.038664427776411166
0 0.43969211939661246 0.26689463176066724 0.29991747100980126 0.1375282161264735
0 0.43969211939661246 0.18867851334179372 0.1413886571925087 0.10326748505215239
1 0.43969211939661246 0.169679824109585 0.2526566466807137 0.07181567660651973
0 0.5735738046874527 0.1971792202194521 0.35356945202153317 0.10592484672643077
0 0.5735738046874527 0.1592225577204115 0.3582517039576732 0.07641914630339429
0 0.5735738046874527 0.17488940290652522 0.26711798802363435 0.11876257311972965
0 0.5735738046874527 0.023543092422940285 0.2963285727494482 0.07926192552101215
0 0.5735738046874527 0.15611970619922852 0.2405421702055597 0.10257367827233917
0 0.5735738046874527 0.13188176215212194 0.3182723217407711 0.10589862067197275
0 0.5735738046874527 0.109487688090749 0.3830731447354951 0.06418675093413305
0 0.5735738046874527 0.19837276195059303 0.2781806156636003 0.11471392217098374
0 0.5735738046874527 0.2640585903166435 0.22056689064316237 0.12269679316131236
0 0.5735738046874527 0.09746484283160682 0.1767172603752667 0.04221200784344776
1 0.5735738046874527 0.1512219624810272 0.2892620120116144 0.09326502647247556
0 0.43144885246248954 0.3340616840881883 0.2835451602200383 0.156961526587174
0 0.43144885246248954 0.23805243767393774 0.20006502238227752 0.19448065410362556
0 0.43144885246248954 0.25457904928605185 0.2398966137889846 0.16414399128049176
0 0.43144885246248954 0.24690700977913616 0.18589632683927237 0.15044025620746304
0 0.43144885246248954 0.3526451942475818 0.3057929417277487 0.11837444217011897
0 0.43144885246248954 0.13953795434293656 0.280648007086182 0.07389549404871108
0 0.43144885246248954 0.30735108024733265 0.26714619977631454 0.08466809738244098
0 0.43144885246248954 0.20228547808045372 0.1931898815175074 0.15217444261992671
0 0.43144885246248954 0.3264183175176992 0.3185758382912078 0.11395453003399211
0 0.43144885246248954 0.21103965355639526 0.1530299501602862 0.14566540091379754
1 0.43144885246248954 0.26128778588197127 0.2427785941789819 0.1354758835347742
0 0.6772456335232067 0.04338140411672635 0.18707357082459944 0.1158061661954849
0 0.6772456335232067 0.08245732084268223 0.21393428799106584 0.07722247165598685
0 0.6772456335232067 0.1567740831301521 0.23633837284067163 0.028844749406991225
0 0.6772456335232067 0.08904737561164629 0.18113766073354295 0.017550453618123747
0 0.6772456335232067 0.031793005587898965 0.27690338215245724 0.1614364157467796
0 0.6772456335232067 0.17522312845760907 0.33800068809601364 0.0813989651774434
0 0.6772456335232067 0.03072094201620926 0.11911296770045539 0.07486866232092404
0 0.6772456335232067 0.012447635525533766 0.07615462501814714 0.1043411663059407
0 0.6772456335232067 0.007317739972902805 0.12337965346839352 0.001391153808577307
0 0.6772456335232067 0.08912789820127842 0.16170773777458822 0.06494329336229168
1 0.6772456335232067 0.07182905334626394 0.1913742946599935 0.07278034975985434
0 0.5462148576437377 0.12601630320603843 0.23978821947340645 0.17964561063178444
0 0.5462148576437377 0.08237973145263115 0.12227283623089684 0.0919937855244022
0 0.5462148576437377 0.17556889707746193 0.20610399197700782 0.1460442974063605
0 0.5462148576437377 0.21046848382078762 0.22549786644891362 0.2071383005901019
0 0.5462148576437377 0.13656779631511382 0.140054515849909 0.10289188032160008
0 0.5462148576437377 0.08929139935786541 0.12318241655263082 0.08190945225585737
0 0.5462148576437377 0.23480868414755368 0.22744036108509144 0.02245989426082527
0 0.5462148576437377 0.12279038785626631 0.17236148612456054 0.05836333017676684
0 0.5462148576437377 0.21008956544720261 0.2422025542144009 0.1137833712240606
0 0.5462148576437377 0.20690447319011546 0.2651127819132043 0.2602592008821921
1 0.5462148576437377 0.15948857218710363 0.19640170298700216 0.12644891232739514
0 0.5361922352728433 0.29725163291696316 0.1787384254965303 0.08931452789807733
0 0.5361922352728433 0.2798096509833123 0.14143779610622925 0.04252360939639099
0 0.5361922352728433 0.17176133691434506 0.26506004882571216 0.018383436975455428
0 0.5361922352728433 0.11381205203197488 0.31243723123603406 0.01684040199750545
0 0.5361922352728433 0.22277072872672454 0.29895661773442495 0.04197523075953564
0 0.5361922352728433 0.08150786660162009 0.12042165331125408 0.05696226307046053
0 0.5361922352728433 0.28798041364112037 0.36497781760945963 0.12284779183535093
0 0.5361922352728433 0.16136646189079376 0.18457156032414387 0.10083450010934986
0 0.5361922352728433 0.04930062023614131 0.15673386537072442 0.05080787289413454
0 0.5361922352728433 0.1549978265853501 0.2638045926650929 0.0029302569192161624
1 0.5361922352728433 0.18205585905283456 0.22871396086796056 0.05434198918554768
0 0.5876352701949686 0.1307772246682184 0.1390165810492249 0.012513809278309578
0 0.5876352701949686 0.09350999249827818 0.09873766266711159 0.014800523602425618
0 0.5876352701949686 0.16035970671518784 0.07876484000372799 0.09429047407026578
0 0.5876352701949686 0.09771302851527261 0.10586495944917441 0.0516593115018053
0 0.5876352701949686 0.051562406993053325 0.17373510843085296 0.011246033825155577
0 0.5876352701949686 0.18215938021526337 0.09326969750618441 0.08621459011297389
0 0.5876352701949686 0.12305593425737943 0.07669029099697419 0.03370838755368096
0 0.5876352701949686 0.10172611479168497 0.08272946840987996 0.10316719743271119
0 0.5876352701949686 0.15429364555830477 0.2067102226274095 0.09759347858262725
0 0.5876352701949686 0.09905962682468028 0.1665690252386657 0.027110180073493497
1 0.5876352701949686 0.11942170610373233 0.12220878563792056 0.053230398603344865
0 0.43140391016673263 0.24200033594103512 0.2027696814376226 0.18170850009772735
0 0.43140391016673263 0.1906051280457964 0.11790032451779088 0.07796700359027944
0 0.43140391016673263 0.2619621311505174 0.18723215167415372 0.11978603941378628
0 0.43140391016673263 0.21240874472957685 0.15954821767572705 0.03568902496575018
0 0.43140391016673263 0.19661074522629218 0.12214951602550565 0.08605820414653631
0 0.43140391016673263 0.35275521208504146 0.239624941015424 0.17538576602658243
0 0.43140391016673263 0.19009719460701072 0.13965823905578634 0.006077462216713196
0 0.43140391016673263 0.24128453370677239 0.2730218266933851 0.07185803273534185
0 0.43140391016673263 0.16447540974878452 0.14162113826099282 0.08676702142636059
0 0.43140391016673263 0.11818767511920905 0.19006925285453716 0.042961366636940945
1 0.43140391016673263 0.21703871103600364 0.17735952892109255 0.08842584212560185
0 0.548140278791246 0.21407151289505444 0.1272631620208206 0.04739186592381232
0 0.548140278791246 0.09179943208431263 0.12604428089256098 0.07153974173857018
0 0.548140278791246 0.16660084278363407 0.17734811241576215 0.07385153411522381
0 0.548140278791246 0.11029320932546773 0.16871836304102059 0.03924778067725494
0 0.548140278791246 0.17844279206772978 0.1859830063716441 0.08159909363882223
0 0.548140278791246 0.1842004749499491 0.25153685878410054 0.0
0 0.548140278791246 0.13788265068492483 0.1809160265064807 0.006810069021722827
0 0.548140278791246 0.20138652534252655 0.17252982272153136 0.05366410237269699
0 0.548140278791246 0.160320825931986 0.20510390861662933 0.16528847799355
0 0.548140278791246 0.2790996291066324 0.45761551135365974 0.05095856744221111
1 0.548140278791246 0.17240978951722175 0.205305905272421 0.05903512329238645
0 0.6232745829139953 0.011315738153736838 0.19054406494111556 0.031100514759927138
0 0.6232745829139953 0.09798329374741567 0.06962121101756204 0.02572092240302968
0 0.6232745829139953 0.10443333431615542 0.14467785588794782 0.001325930428495191
0 0.6232745829139953 0.08914346765579052 0.08955781410106056 0.0
0 0.6232745829139953 0.20491438131001924 0.12533679395664651 0.012926077200258308
0 0.6232745829139953 0.10561474399999127 0.11621347822315246 0.0047972705165127685
0 0.6232745829139953 0.017553003919742155 0.06599239361924855 0.020110251444721478
0 0.6232745829139953 0.06646866427088127 0.16616266251028528 0.03472023755336818
0 0.6232745829139953 0.06994027990228403 0.126231984540851 0.06091214122720026
0 0.6232745829139953 0.0821208798153913 0.1677620171316454 0.0
1 0.6232745829139953 0.08494877870914078 0.12621002759295152 0.0191613345533513
0 0.5199883023778539 0.0 0.16612825841325965 0.0
0 0.5199883023778539 0.25871446899924366 0.24001463108520996 0.18606037611175855
0 0.5199883023778539 0.24186342852532172 0.15358725233358103 0.09038757732467718
0 0.5199883023778539 0.20364467727583166 0.22719699726572756 0.04069491968363436
0 0.5199883023778539 0.15025500744872933 0.18591759560568197 0.1258104148260531
0 0.5199883023778539 0.2895995346804488 0.28109442935493 0.10140350108359787
0 0.5199883023778539 0.14142941890583757 0.3641550064264693 0.1330763907690435
0 0.5199883023778539 0.25568086199993195 0.24254969256451694 0.09439106754303425
0 0.5199883023778539 0.18606175992117807 0.1187471729732666 0.10036151991943791
0 0.5199883023778539 0.20348527091209903 0.07188597312599643 0.13136151625145628
1 0.5199883023778539 0.19307344286686218 0.20512770091486393 0.10035472835126928
0 0.5796652664075861 0.07900572921529189 0.08257787195024986 0.11247235006251449
0 0.5796652664075861 0.1621618796440085 0.10780945656028772 0.041592812518767175
0 0.5796652664075861 0.06936628906247855 0.13846103732354476 0.08538382329251366
0 0.5796652664075861 0.13710743348921428 0.289278938227408 0.1152214868358828
0 0.5796652664075861 0.1303002886586238 0.2010662731839165 0.051992257216481666
0 0.5796652664075861 0.241092622267465 0.05751969571580648 0.10817860466244097
0 0.5796652664075861 0.14381061645330562 0.14853823316233655 0.073829599676127
0 0.5796652664075861 0.22165390447120142 0.21459800006384672 0.045821104675347946
0 0.5796652664075861 0.10808531442636428 0.1599923573126965 0.13053447418595568
0 0.5796652664075861 0.15904913576010463 0.06993088861223255 0.17198648595278637
1 0.5796652664075861 0.1451633213448058 0.14697727521123255 0.09370129990788176
0 0.6385542496012161 0.060739084296746924 0.12765659135944063 0.18770835210151873
0 0.6385542496012161 0.029973407416427796 0.30912320627393736 0.07368045500096738
0 0.6385542496012161 0.19064902140566786 0.19826101375826255 0.034670272590287175
0 0.6385542496012161 0.06834205523489048 0.177135688520079 0.05617299328795668
0 0.6385542496012161 0.1555516148856466 0.23913275473177478 0.09666727462762277
0 0.6385542496012161 0.10057616527822491 0.2150705832260152 0.09234316296247352
0 0.6385542496012161 0.07975552054762211 0.13076022083296734 0.06531673647587251
0 0.6385542496012161 0.059752857995135016 0.177149224978104 0.044162701105247025
0 0.6385542496012161 0.09096508742557823 0.2395075767887806 0.030176960014350072
0 0.6385542496012161 0.0 0.22919931514499234 0.03446059537729047
1 0.6385542496012161 0.08363048144859399 0.20429961756143541 0.07153595035435864
0 0.5873077788882957 0.2081596735477985 0.03107581301897717 0.008935541658237721
0 0.5873077788882957 0.18472881824201043 0.17677317076680388 0.04799383101419756
0 0.5873077788882957 0.17954959532125894 0.08432311556567765 0.028590338078002014
0 0.5873077788882957 0.22267624792238366 0.2509214786481433 0.01175157583607656
0 0.5873077788882957 0.1509001374632783 0.12650279510764187 0.044857891614485654
0 0.5873077788882957 0.12093180359017061 0.05996522395946 0.07268876033787482
0 0.5873077788882957 0.13882520168956625 0.16683391469990294 0.056176502983076936
0 0.5873077788882957 0.09324489208271687 0.03867016249455013 0.011767753919528402
0 0.5873077788882957 0.1479836397107414 0.109686668452547 0.0
0 0.5873077788882957 0.22049961088824008 0.1095927606105865 0.02531063609529421
1 0.5873077788882957 0.1667499620458165 0.11543451033242905 0.030807283153677385
0 0.787995965485347 0.024128726373558663 0.08153281212096156 0.024244073692348964
0 0.787995965485347 0.08566025868176863 0.19546614011815372 0.047864428942738416
0 0.787995965485347 0.03151425737162069 0.2007116892321765 0.006856458803802259
0 0.787995965485347 0.009091474142291781 0.08447809015686884 0.13382361379656815
0 0.787995965485347 0.10432513051876934 0.07627558101609595 0.04700029692681351
0 0.787995965485347 0.10189675812418046 0.07707940149649603 0.008081362007861123
0 0.787995965485347 0.09371448834417302 0.16605172373313917 0.11176710665481114
0 0.787995965485347 0.07877592120968317 0.0382897548323562 0.0059038027629901325
0 0.787995965485347 0.03602947901545369 0.02107148260518764 0.054793267433410835
0 0.787995965485347 0.04293134280289265 0.1797636360089181 0.0031762353384996844
1 0.787995965485347 0.06080678365843921 0.11207203113203539 0.04435106463598442
0 0.5886653539744117 0.1533413413309888 0.12231596589074753 0.05564262850077768
0 0.5886653539744117 0.11670293498274296 0.10879043152158806 0.11782309679733875
0 0.5886653539744117 0.10864619513024494 0.04116454037192165 0.12160695840094794
0 0.5886653539744117 0.04152804470491109 0.002339290129316767 0.05361390759473332
0 0.5886653539744117 0.11889978501039652 0.0828450583714054 0.08381672073453666
0 0.5886653539744117 0.14366851036916503 0.17381278267888223 0.09715439765019561
0 0.5886653539744117 0.19029388200054428 0.1295747346976609 0.05087626666159444
0 0.5886653539744117 0.21517605714135335 0.1521131640952736 0.18869143645512465
0 0.5886653539744117 0.16473737524113868 0.10280611851071385 0.16781841255038657
0 0.5886653539744117 0.0745166349486744 0.0678460685013306 0.14075954509569025
1 0.5886653539744117 0.13275107608601602 0.09836081547688405 0.10778033704413259
0 0.7270311518317396 0.04556261872804644 0.11192106650734093 0.04471195051129022
0 0.7270311518317396 0.13147980930873127 0.040378046620761984 0.03804015475024798
0 0.7270311518317396 0.038054855095829794 0.0 0.08477024247832216
0 0.7270311518317396 0.14365469916899248 0.1434743734583978 0.00012436600470258993
0 0.7270311518317396 0.12819144008718372 0.20052816114353803 0.06603603429234053
0 0.7270311518317396 0.10749219173932122 0.1546622101143926 0.03138412715049237
0 0.7270311518317396 0.12407701634374484 0.09255432664100231 0.007387265413706522
0 0.7270311518317396 0.07460349139864349 0.06177646655276385 0.04556124575788185
0 0.7270311518317396 0.09011363823159427 0.028490575450247056 0.030872740459746834
0 0.7270311518317396 0.17571799421764933 0.01575562979058685 0.10014692570176863
1 0.7270311518317396 0.10589477543197368 0.08495408562790314 0.04490350525204997
0 0.8509794368110797 0.09626433489605508 0.05869366589908066 0.07032632257311609
0 0.8509794368110797 0.03419809337992969 0.17215136910490036 0.038144795972728254
0 0.8509794368110797 0.06172515999707715 0.12859672789857204 0.042385851682458835
0 0.8509794368110797 0.07918836590578517 0.0626813183629972 0.01035410023194337
0 0.8509794368110797 0.051263793987517334 0.04207753036572943 0.04177288111927557
0 0.8509794368110797 0.06109455248144071 0.054537826314227 0.016958505139023736
0 0.8509794368110797 0.13122232599666003 0.10253770709060736 0.07519888054006975
0 0.8509794368110797 0.013689619419232895 0.01878547536890132 0.014600451498081531
0 0.8509794368110797 0.0005872025242080683 0.057967170145811396 0.0
0 0.8509794368110797 0.11257559707029244 0.07013085770707184 0.031166211279002185
1 0.8509794368110797 0.06418090456581985 0.07681596482578987 0.034090800003569934
