0 8 9.125 15.85 9.6425
0 8 9.36 16.0175 9.505
0 8 8.6625 15.42 9.625
0 8 8.98 15.9025 9.8225
0 8 8.965 15.635 10.135
0 8 9.575 15.45 9.805
0 8 9.5025 15.545 9.8
0 8 9.475 16.23 9.6675
0 8 9.4825 15.3625 9.8175
0 8 9.615 16.0725 10.0275
0.5 8 8.7875 15.825 9.1625
0.5 8 8.3975 15.52 9.56
0.5 8 8.58 15.1275 9.46
0.5 8 8.785 15.3575 9.4125
0.5 8 8.6525 15.5225 9.9775
0.5 8 8.34 15.4375 9.455
0.5 8 8.545 15.845 9.49
0.5 8 9.1075 15.8675 9.6525
0.5 8 9.0075 15.82 9.3975
0.5 8 9.055 15.625 9.8175
1 8 8.6925 16.825 9.2775
1 8 8.905 16.595 10.065
1 8 9.4625 16.135 9.9125
1 8 9.0525 15.94 9.5425
1 8 9.1775 16.3075 9.665
1 8 9.1775 16.695 9.45
1 8 8.7875 16.41 9.6725
1 8 8.94 16.1175 9.655
1 8 8.89 16.58 9.6
1 8 8.8625 17.0 9.725
1.5 8 9.17 15.81 9.21
1.5 8 9.8025 15.9575 9.165
1.5 8 9.4575 15.69 9.375
1.5 8 9.5225 16.155 9.7625
1.5 8 9.2925 16.4525 8.8225
1.5 8 9.3375 15.9225 9.4725
1.5 8 9.4975 17.1525 8.9025
1.5 8 9.1075 15.5425 9.2125
1.5 8 9.815 16.195 9.865
1.5 8 9.3375 15.945 10.0275
2 8 10.675 15.305 9.2925
2 8 10.1325 15.6775 9.465
2 8 10.2775 15.85 9.675
2 8 9.89 15.5125 8.7075
2 8 10.395 15.7425 9.11
2 8 10.24 16.125 9.125
2 8 10.835 15.325 8.635
2 8 10.3875 16.045 8.905
2 8 10.1925 15.96 9.1875
2 8 10.1925 15.58 9.2825
2.5 8 10.4775 14.5325 8.48
2.5 8 10.7475 14.8225 8.8475
2.5 8 11.38 15.9225 8.9775
2.5 8 11.905 14.6425 8.4975
2.5 8 11.3825 14.935 9.2275
2.5 8 11.1025 15.3175 8.85
2.5 8 10.93 14.5125 7.9275
2.5 8 10.5525 14.7425 8.775
2.5 8 11.005 14.78 9.0125
2.5 8 10.81 14.165 8.5225
3 8 10.44 12.915 7.3
3 8 10.795 12.2625 7.5525
3 8 10.5525 13.045 8.3825
3 8 10.6675 13.1375 7.8175
3 8 10.785 13.14 7.76
3 8 11.1725 12.98 7.8225
3 8 10.875 12.89 7.7
3 8 10.63 12.7325 7.1625
3 8 10.6875 13.195 7.42
3 8 11.1075 13.1575 7.835
0 6 8.015 14.86 10.3725
0 6 8.135 15.3625 10.535
0 6 8.8825 15.9725 10.7
0 6 8.91 15.8425 10.24
0 6 8.77 15.4375 10.5875
0 6 8.405 15.605 9.91
0 6 8.7275 15.64 10.6525
0 6 8.14 15.06 10.295
0 6 8.6575 15.675 10.46
0 6 8.4475 15.6725 10.115
0.5 6 8.51 15.81 10.2425
0.5 6 7.64 15.37 9.935
0.5 6 8.1825 15.6775 10.3225
0.5 6 8.21 15.8475 10.11
0.5 6 7.665 15.9925 10.03
0.5 6 7.7175 15.3375 10.5075
0.5 6 7.7575 15.6525 10.3425
0.5 6 8.1675 14.975 10.3675
0.5 6 8.705 15.97 10.395
0.5 6 8.27 15.9325 10.63
1 6 8.5625 16.2275 10.045
1 6 8.1 16.4775 9.935
1 6 8.8725 16.13 10.4775
1 6 8.1775 16.465 10.8
1 6 8.7075 16.0125 10.415
1 6 8.2175 16.28 10.49
1 6 8.1275 17.32 10.5325
1 6 8.7125 16.2975 10.2075
1 6 8.3275 16.1875 10.63
1 6 8.42 16.2475 10.255
1.5 6 8.775 15.745 9.87
1.5 6 8.2625 15.985 9.725
1.5 6 8.61 15.8725 9.7775
1.5 6 8.8375 16.565 10.32
1.5 6 8.14 15.2875 9.9575
1.5 6 8.3725 15.98 10.0475
1.5 6 8.7025 16.6925 9.8325
1.5 6 8.8625 16.555 10.225
1.5 6 8.5625 16.325 9.8325
1.5 6 8.69 15.7725 10.05
2 6 8.4275 14.965 9.685
2 6 8.21 14.94 9.505
2 6 8.78 15.3375 9.0525
2 6 8.1525 14.3625 9.8
2 6 8.66 14.96 8.8625
2 6 8.42 15.48 9.3975
2 6 8.625 13.75 8.9575
2 6 8.4325 14.9975 9.1075
2 6 8.785 15.0925 9.32
2 6 8.8075 15.93 9.54
2.5 6 8.97 13.57 8.335
2.5 6 8.1275 13.285 8.575
2.5 6 7.9475 13.6175 9.2375
2.5 6 8.1925 13.32 8.9325
2.5 6 8.2625 12.185 8.055
2.5 6 8.84 14.0925 8.62
2.5 6 7.95 13.21 8.6975
2.5 6 8.2775 13.3225 9.0725
2.5 6 8.35 14.3 8.6525
2.5 6 8.47 13.49 8.1725
3 6 8.6475 12.2275 7.3825
3 6 8.3425 11.175 7.765
3 6 8.8025 13.1225 8.5375
3 6 8.3475 11.9525 7.1475
3 6 8.3025 10.9825 7.3625
3 6 9.0175 12.5675 7.8725
3 6 8.6425 12.2825 7.62
3 6 8.4225 11.8775 7.8625
3 6 8.495 11.99 8.08
3 6 8.675 12.235 7.2825
0 4 8.3375 13.8825 9.735
0 4 7.985 14.1925 10.3325
0 4 8.37 13.9275 10.115
0 4 8.0575 13.695 10.2925
0 4 8.365 13.985 10.0825
0 4 8.875 13.45 10.295
0 4 8.39 14.5325 10.52
0 4 9.1975 14.005 10.665
0 4 8.7525 13.335 10.23
0 4 8.825 13.5225 10.02
0.5 4 9.065 14.895 10.4725
0.5 4 9.1225 14.73 10.6825
0.5 4 9.605 14.745 10.5975
0.5 4 9.18 14.7575 10.78
0.5 4 9.2375 14.985 10.3275
0.5 4 9.7275 14.775 10.39
0.5 4 8.88 15.2725 10.79
0.5 4 9.27 14.9225 10.4125
0.5 4 9.5825 14.9675 10.7525
0.5 4 9.2275 15.275 10.9425
1 4 9.8875 15.575 10.8825
1 4 9.4775 14.585 10.5425
1 4 9.4775 15.0125 10.5225
1 4 9.4325 14.7575 10.5675
1 4 9.975 15.68 10.6875
1 4 10.1025 14.6475 10.5875
1 4 9.2775 15.3125 10.6525
1 4 10.0875 15.27 11.46
1 4 9.72 14.9625 10.6675
1 4 9.72 15.1275 10.8725
1.5 4 9.955 14.025 10.7
1.5 4 10.255 14.4625 10.455
1.5 4 9.38 14.9825 10.435
1.5 4 9.69 14.6025 10.695
1.5 4 9.615 14.6525 10.3725
1.5 4 9.8875 15.16 10.5575
1.5 4 9.2325 15.19 10.665
1.5 4 9.75 14.1225 10.5625
1.5 4 10.5175 15.02 10.795
1.5 4 9.1725 15.335 10.7075
2 4 8.9425 13.9 9.6525
2 4 9.9575 14.5975 10.3625
2 4 9.2425 13.5625 9.91
2 4 9.015 14.22 10.045
2 4 8.71 13.7525 9.8575
2 4 9.06 13.87 9.955
2 4 8.905 14.9025 10.1325
2 4 9.73 13.9025 10.4625
2 4 8.1825 14.18 9.485
2 4 9.47 13.81 9.34
2.5 4 9.5875 11.88 9.0775
2.5 4 8.5275 12.1275 8.68
2.5 4 8.38 12.1025 8.72
2.5 4 9.49 12.29 8.555
2.5 4 8.7525 12.1075 8.27
2.5 4 8.8125 12.515 8.445
2.5 4 9.42 10.8975 8.935
2.5 4 8.665 12.1075 8.2675
2.5 4 9.0725 12.0275 9.405
2.5 4 8.02 12.395 8.7175
3 4 8.5025 9.93 7.7025
3 4 8.71 9.6475 7.8225
3 4 10.22 10.1625 7.8575
3 4 8.255 8.405 6.6
3 4 7.7875 8.7275 6.6075
3 4 8.985 9.2225 7.2125
3 4 8.91 9.23 6.8325
3 4 8.925 9.39 8.0775
3 4 9.095 9.6725 7.3225
3 4 9.4425 10.025 7.7725
0 10 9.7 15.7675 9.185
0 10 9.0675 16.3625 9.8275
0 10 9.175 15.7525 9.6625
0 10 9.7275 16.5975 9.505
0 10 8.75 16.14 9.335
0 10 8.9225 16.59 9.395
0 10 8.64 16.0175 9.33
0 10 8.9875 15.7175 9.595
0 10 9.06 15.4325 9.76
0 10 9.16 15.5725 9.365
0.5 10 9.155 15.68 9.49
0.5 10 8.285 16.23 9.5225
0.5 10 9.22 15.8375 9.2325
0.5 10 8.4425 16.5725 8.8675
0.5 10 8.8825 15.8725 9.1775
0.5 10 9.3675 15.6175 8.945
0.5 10 8.8725 15.5525 9.2
0.5 10 8.915 15.935 9.3925
0.5 10 9.085 16.505 9.3875
0.5 10 8.3125 15.6925 9.1725
1 10 8.7575 16.385 8.9175
1 10 8.9075 16.8375 9.205
1 10 9.0875 15.825 9.3875
1 10 9.0925 15.9725 8.9
1 10 9.3125 16.6475 9.515
1 10 9.42 16.6725 9.6325
1 10 9.2825 16.2375 9.5275
1 10 9.09 16.4675 9.19
1 10 9.5675 16.565 9.7575
1 10 9.4125 17.0725 9.3075
1.5 10 9.915 16.2625 9.3525
1.5 10 9.62 15.6125 9.4825
1.5 10 10.2725 17.08 9.635
1.5 10 9.12 15.26 9.0
1.5 10 9.435 15.42 9.0425
1.5 10 9.635 16.1625 9.6325
1.5 10 9.3425 15.6875 8.3625
1.5 10 9.655 16.915 9.3225
1.5 10 9.475 15.9775 9.0125
1.5 10 9.5625 17.1475 9.225
2 10 11.26 15.2125 8.76
2 10 10.94 14.9875 9.1925
2 10 11.3875 15.8075 8.72
2 10 10.565 15.87 9.01
2 10 10.6775 15.58 9.11
2 10 11.12 15.1725 9.295
2 10 10.7925 15.0725 9.005
2 10 10.76 14.805 8.9125
2 10 11.4525 15.9425 9.45
2 10 10.795 16.005 9.285
2.5 10 11.085 14.7225 8.0975
2.5 10 11.0875 14.3575 8.285
2.5 10 12.07 14.6125 8.5175
2.5 10 11.1875 15.1025 8.3375
2.5 10 11.435 14.085 8.19
2.5 10 11.105 15.05 8.83
2.5 10 11.5825 15.12 8.0625
2.5 10 10.9075 14.6975 8.445
2.5 10 10.31 14.6625 7.8275
2.5 10 11.21 13.4375 8.1225
3 10 10.85 13.1775 7.475
3 10 10.92 12.6225 7.1575
3 10 11.5925 13.6525 7.4775
3 10 10.5525 12.53 8.0475
3 10 10.7075 12.29 7.39
3 10 11.0075 12.515 7.905
3 10 11.125 13.045 7.8175
3 10 10.66 12.815 7.51
3 10 11.015 12.49 7.675
3 10 11.5075 13.4975 7.5025
