0.0 4 14.8575 13.7375 11.7975
0.0 4 14.005 13.255 11.79
0.0 4 15.4975 13.9375 12.5425
0.0 4 14.16 13.7775 11.405
0.0 4 14.5825 13.0375 11.61
0.0 4 15.2925 13.58 12.75
0.0 4 13.795 14.0425 12.385
0.0 4 14.2025 13.6 11.8475
0.0 4 14.8275 13.3575 12.305
0.0 4 14.69 14.3475 11.725
0.5 4 15.4575 16.455 14.0275
0.5 4 15.45 14.815 13.6475
0.5 4 14.1925 16.4725 13.635
0.5 4 15.7275 16.29 13.6625
0.5 4 15.51 15.6825 14.0375
0.5 4 14.5075 15.7825 13.3075
0.5 4 14.8875 15.1675 13.5825
0.5 4 14.9275 15.2 12.595
0.5 4 15.21 15.4425 14.265
0.5 4 15.9 15.1425 13.1775
1.0 4 11.5125 13.4375 12.59
1.0 4 11.0925 13.725 12.09
1.0 4 11.565 13.455 12.12
1.0 4 12.0425 14.4675 12.165
1.0 4 11.5475 14.405 12.16
1.0 4 12.0925 15.3275 13.505
1.0 4 12.0475 14.01 11.855
1.0 4 13.2875 14.9625 12.45
1.0 4 11.5875 13.545 12.39
1.0 4 12.8525 14.53 12.5025
