0.0 4 21.875 21.875 15.75
0.0 4 10.125 13.125 13.125
0.0 4 11.75 11.75 12.75
0.0 4 10.75 10.75 10.75
0.0 4 17.5 12.125 12.75
0.0 4 18.5 15.25 13.5
0.0 4 17.25 13.125 16.125
0.0 4 16.25 14.625 11.625
0.0 4 8.5 8.5 11.125
0.0 4 8.5 13.0 13.0
0.0 4 14.125 12.625 12.625
0.0 4 20.5 12.375 6.625
0.0 4 16.0 13.375 9.75
0.0 4 6.25 11.625 11.625
0.0 4 13.25 5.75 9.875
0.0 4 20.375 12.0 9.25
0.0 4 7.25 13.625 12.5
0.0 4 8.0 9.75 9.75
0.0 4 14.875 13.625 11.875
0.0 4 15.25 9.625 9.625
0.0 4 7.125 7.125 7.125
0.0 4 13.625 9.75 12.0
0.0 4 10.625 15.5 10.625
0.0 4 15.5 15.875 17.875
0.0 4 5.375 10.5 10.5
0.0 4 12.25 11.125 11.125
0.0 4 11.875 11.875 8.25
0.0 4 11.375 9.375 8.25
0.0 4 14.75 11.0 7.375
0.0 4 16.625 16.625 12.125
0.0 4 9.5 8.5 8.5
0.0 4 15.0 8.875 13.875
0.0 4 9.125 12.5 8.5
0.0 4 7.625 10.875 10.875
0.0 4 13.75 14.875 8.5
0.0 4 13.375 19.375 15.25
0.0 4 7.375 7.375 5.875
0.0 4 18.375 19.125 11.25
0.0 4 9.125 16.875 9.125
0.0 4 15.5 12.25 12.25
0.0 4 15.0 10.5 9.875
0.0 4 19.375 10.25 9.75
0.0 4 12.25 13.25 10.5
0.0 4 15.25 13.75 10.625
0.0 4 15.25 9.375 9.375
0.0 4 12.25 10.25 11.25
0.0 4 16.625 16.625 14.125
0.0 4 8.625 16.125 8.125
0.0 4 13.25 10.75 10.75
0.0 4 15.625 13.625 13.625
0.0 4 17.875 17.875 14.625
0.0 4 15.625 13.5 13.5
0.0 4 13.625 10.5 10.5
0.0 4 12.25 12.25 12.25
0.0 4 9.875 14.125 9.875
0.0 4 11.0 11.0 9.5
0.0 4 10.875 10.875 10.375
0.0 4 17.0 11.125 15.5
0.0 4 15.875 12.125 9.5
0.0 4 16.25 20.625 16.25
0.0 4 19.375 15.125 15.125
0.0 4 6.125 6.125 6.125
0.0 4 8.875 8.875 8.875
0.0 4 12.125 14.625 5.125
0.0 4 12.5 14.0 12.5
0.0 4 12.125 6.5 12.125
0.0 4 16.125 8.5 13.5
0.0 4 16.625 13.625 10.5
0.0 4 14.625 10.875 14.625
0.0 4 17.75 17.75 14.375
0.0 4 13.125 13.125 9.875
0.0 4 16.625 14.625 14.625
0.0 4 16.25 16.25 11.375
0.0 4 11.875 14.875 14.875
0.0 4 11.375 21.25 10.25
0.0 4 14.375 14.375 14.375
0.0 4 14.25 9.75 9.75
0.0 4 7.875 17.0 7.875
0.0 4 19.625 16.875 16.875
0.0 4 20.375 20.375 17.75
0.0 4 11.25 13.875 11.25
0.0 4 13.5 13.5 11.5
0.0 4 14.25 14.25 11.625
0.0 4 9.25 8.125 10.875
0.0 4 13.25 9.125 13.25
0.0 4 13.125 15.625 14.25
0.0 4 11.125 11.125 11.125
0.0 4 10.875 5.75 11.0
0.0 4 14.625 8.75 11.875
0.0 4 11.75 15.875 6.5
0.0 4 11.625 13.625 14.25
0.0 4 6.0 10.625 10.625
0.0 4 12.625 12.625 12.625
0.0 4 15.125 12.5 12.5
0.0 4 20.5 20.0 20.0
0.0 4 12.875 12.875 10.25
0.0 4 17.625 9.375 16.625
0.0 4 14.25 14.25 9.625
0.0 4 12.0 16.625 9.0
0.0 4 9.375 9.375 9.375
0.0 4 15.5 13.375 10.875
0.0 4 14.0 11.5 17.5
0.0 4 15.5 20.125 20.125
0.0 4 5.125 16.0 10.25
0.0 4 17.375 15.875 10.0
0.0 4 17.125 13.0 13.0
0.0 4 16.0 16.5 14.375
0.0 4 19.25 12.875 12.875
0.0 4 9.625 9.625 15.375
0.0 4 11.375 10.625 11.375
0.0 4 10.5 7.0 7.0
0.0 4 10.625 13.625 12.625
0.0 4 15.0 13.5 15.0
0.0 4 9.25 9.25 9.25
0.0 4 16.0 14.75 14.75
0.0 4 15.625 14.625 14.625
0.0 4 14.0 14.0 14.0
0.0 4 12.125 11.75 12.75
0.0 4 15.875 12.125 10.125
0.0 4 18.5 20.125 18.5
0.0 4 14.125 14.125 14.625
0.0 4 17.0 14.0 17.0
0.0 4 16.125 15.125 17.625
0.0 4 12.5 15.375 15.375
0.0 4 20.5 19.25 4.75
0.0 4 7.0 13.375 8.125
0.0 4 13.125 16.625 10.125
0.0 4 12.625 12.625 14.625
0.0 4 16.375 10.375 10.375
0.0 4 12.375 12.375 7.625
0.0 4 13.125 13.125 5.25
0.0 4 7.25 7.25 10.375
0.0 4 14.375 10.75 9.125
0.0 4 8.0 12.25 12.25
0.0 4 14.0 16.75 11.75
0.0 4 15.125 15.125 17.125
0.0 4 13.375 13.375 13.375
0.0 4 21.0 12.375 12.375
0.0 4 14.875 16.875 9.375
0.0 4 11.625 16.75 9.625
0.0 4 13.75 10.75 10.75
0.0 4 12.75 12.75 8.125
0.0 4 19.75 19.75 12.625
0.0 4 14.75 8.625 13.25
0.0 4 16.75 16.75 13.625
0.0 4 12.875 12.875 12.875
0.0 4 6.25 11.375 6.25
0.0 4 13.0 4.75 10.375
0.0 4 10.625 15.5 13.875
0.0 4 13.5 15.5 10.75
0.0 4 18.0 16.375 10.0
0.0 4 16.375 3.875 3.875
0.0 4 13.625 14.125 12.0
0.0 4 11.0 11.0 11.0
0.0 4 14.375 15.5 15.5
0.0 4 14.0 17.125 12.75
0.0 4 11.375 13.625 12.375
0.0 4 16.375 5.625 15.375
0.0 4 13.875 12.25 12.125
0.0 4 18.375 13.875 15.875
0.0 4 10.5 15.5 12.125
0.0 4 19.75 10.75 11.875
0.0 4 16.75 13.75 13.25
0.0 4 9.625 9.625 9.625
0.0 4 10.375 18.5 16.25
0.0 4 20.25 19.25 16.0
0.0 4 16.0 18.875 15.875
0.0 4 13.25 11.5 11.5
0.0 4 12.0 8.125 8.125
0.0 4 19.25 18.625 16.625
0.0 4 12.625 18.625 9.75
0.0 4 13.75 12.25 13.75
0.0 4 15.375 14.75 13.125
0.0 4 19.375 19.375 8.375
0.0 4 11.75 14.75 7.75
0.0 4 14.625 11.125 11.125
0.0 4 10.0 10.0 10.0
0.0 4 18.125 19.125 15.125
0.0 4 6.875 10.375 10.375
0.0 4 15.625 12.875 12.875
0.0 4 17.75 18.75 9.0
0.0 4 19.0 21.625 14.375
0.0 4 9.125 8.0 8.0
0.0 4 17.25 20.0 15.625
0.0 4 15.25 14.625 13.625
0.0 4 15.875 12.375 12.375
0.0 4 9.5 15.125 15.75
0.0 4 7.75 7.75 4.625
0.0 4 15.875 9.375 14.75
0.0 4 17.0 15.75 12.75
0.0 4 8.625 15.75 14.25
0.0 4 14.5 8.75 8.75
0.0 4 11.125 7.625 11.125
0.0 4 9.375 9.375 9.375
0.0 4 7.75 7.75 6.125
0.0 4 17.625 16.625 14.625
0.0 4 4.75 4.75 4.75
0.0 4 13.25 17.125 13.875
0.0 4 16.875 16.875 11.75
0.0 4 11.5 18.125 9.5
0.0 4 14.75 14.75 14.75
0.0 4 16.5 14.75 14.75
0.0 4 15.25 18.375 12.625
0.0 4 15.5 15.5 11.375
0.0 4 21.5 22.5 17.875
0.0 4 9.125 8.125 12.375
0.0 4 14.375 14.375 17.125
0.0 4 16.25 14.875 14.875
0.0 4 14.875 13.75 13.75
0.0 4 10.0 11.5 10.0
0.0 4 19.75 8.5 8.5
0.0 4 14.875 14.875 12.625
0.0 4 14.875 12.875 9.125
0.0 4 16.75 9.125 9.125
0.0 4 12.625 12.625 14.625
0.0 4 13.5 15.5 11.125
0.0 4 22.125 22.125 16.125
0.0 4 21.25 17.5 15.25
0.0 4 12.25 11.25 8.5
0.0 4 9.75 13.25 6.875
0.0 4 16.875 7.5 12.375
0.0 4 13.375 14.0 12.375
0.0 4 11.625 11.625 12.625
0.0 4 15.125 14.125 11.375
0.0 4 8.75 9.75 8.75
0.0 4 17.0 19.0 8.625
0.0 4 13.75 13.75 13.75
0.0 4 9.25 11.125 11.125
0.0 4 11.625 15.625 13.625
0.0 4 12.25 8.875 7.875
0.0 4 10.0 10.0 9.5
0.0 4 11.875 11.375 10.375
0.0 4 16.875 17.875 14.875
0.0 4 7.0 6.0 16.375
0.0 4 8.125 11.75 11.75
0.0 4 14.75 15.625 13.125
0.0 4 19.125 19.0 18.375
0.0 4 10.5 10.5 9.25
0.0 4 17.0 14.0 13.0
0.0 4 16.375 16.375 14.875
0.0 4 13.125 11.125 10.125
0.0 4 17.0 6.375 17.0
0.0 4 7.625 17.25 12.0
0.0 4 15.25 13.125 12.875
0.0 4 14.25 16.75 12.0
0.0 4 11.625 11.375 9.375
0.0 4 13.125 11.0 11.0
0.0 4 12.375 12.375 12.375
0.0 4 17.125 13.75 13.125
0.0 4 14.875 11.375 11.375
0.0 4 11.625 9.625 10.625
0.0 4 13.875 15.375 13.25
0.0 4 11.375 19.25 19.25
0.0 4 8.5 20.625 17.375
0.0 4 16.5 11.5 13.375
0.0 4 9.0 13.625 11.125
0.0 4 17.75 9.25 15.25
0.0 4 12.375 17.5 13.0
0.0 4 10.625 12.625 12.625
0.0 4 11.125 10.125 8.0
0.0 4 19.75 12.375 11.375
0.0 4 8.875 11.625 8.875
0.0 4 15.125 15.75 10.0
0.0 4 14.125 9.875 8.625
0.0 4 12.625 3.875 7.0
0.0 4 7.125 7.125 7.125
0.0 4 17.875 8.625 16.125
0.0 4 17.125 8.125 15.5
0.0 4 19.375 19.625 5.125
0.0 4 19.25 15.125 11.625
0.0 4 16.125 13.125 13.125
0.0 4 11.5 16.75 17.0
0.0 4 16.625 19.125 13.625
0.0 4 11.375 11.375 10.875
0.0 4 12.0 12.875 14.375
0.0 4 11.0 13.125 11.625
0.0 4 13.125 14.125 6.625
0.0 4 23.375 18.0 16.0
0.0 4 13.875 14.5 13.875
0.0 4 16.0 14.5 13.5
0.0 4 13.125 14.75 11.5
0.0 4 14.25 10.875 14.25
0.0 4 17.375 10.125 9.125
0.0 4 11.75 10.75 14.375
0.0 4 12.125 9.625 9.625
0.0 4 22.125 17.25 14.5
0.0 4 16.0 18.5 9.625
0.0 4 8.25 12.25 11.25
0.0 4 12.75 15.125 11.125
0.0 4 12.875 12.875 10.375
0.0 4 17.875 19.875 16.375
0.0 4 14.0 5.5 17.875
0.0 4 13.0 18.75 13.0
0.0 4 13.25 13.25 5.375
0.0 4 15.625 13.25 9.0
0.0 4 10.25 7.5 10.25
0.0 4 12.875 7.75 7.75
0.0 4 16.25 22.125 19.625
0.0 4 15.375 13.25 11.0
0.0 4 12.125 14.25 8.875
0.0 4 13.125 13.125 16.25
0.0 4 12.875 12.375 12.375
0.0 4 13.125 12.625 7.375
0.0 4 16.125 17.5 17.5
0.0 4 9.75 9.75 16.25
0.0 4 16.125 16.125 16.125
0.0 4 16.75 18.25 12.125
0.0 4 17.5 9.125 9.125
0.0 4 17.75 10.125 13.125
0.0 4 8.375 10.75 3.25
0.0 4 16.5 13.75 13.75
0.0 4 9.625 17.75 9.625
0.0 4 13.25 5.375 5.375
0.0 4 8.5 9.5 9.5
0.0 4 16.625 16.625 13.75
0.0 4 20.0 18.875 13.0
0.0 4 6.75 14.5 14.5
0.0 4 10.875 18.0 8.75
0.0 4 12.25 14.875 14.875
0.0 4 19.25 17.125 14.25
0.0 4 14.5 10.75 10.75
0.0 4 16.625 14.375 12.875
0.0 4 11.5 12.125 13.625
0.0 4 16.0 14.5 14.5
0.0 4 14.625 18.125 7.25
0.0 4 15.625 15.625 17.25
0.0 4 16.5 14.875 14.875
0.0 4 16.875 6.5 7.5
0.0 4 10.125 13.25 10.125
0.0 4 8.625 9.625 9.625
0.0 4 17.5 14.375 14.375
0.0 4 12.625 17.875 16.25
0.0 4 20.0 18.875 7.0
0.0 4 14.125 14.125 15.625
0.0 4 12.625 11.0 11.0
0.0 4 15.125 16.25 14.5
0.0 4 17.25 13.375 15.0
0.0 4 8.5 12.5 12.5
0.0 4 16.625 11.625 9.125
0.0 4 9.0 6.625 6.625
0.0 4 16.25 17.25 13.625
0.0 4 17.375 17.375 15.875
0.0 4 15.125 15.125 11.5
0.0 4 18.75 13.0 19.75
0.0 4 13.875 18.125 10.875
0.0 4 19.125 15.625 15.625
0.0 4 17.375 11.25 17.5
0.0 4 15.625 9.125 6.5
0.0 4 13.375 13.375 12.375
0.0 4 15.75 18.5 5.0
0.0 4 19.875 17.125 11.5
0.0 4 14.875 14.875 9.75
0.0 4 17.125 17.125 17.125
0.0 4 6.75 7.75 6.75
0.0 4 14.25 13.25 6.625
0.0 4 13.75 10.5 10.5
0.0 4 10.625 15.5 9.0
0.0 4 12.75 7.5 10.125
0.0 4 14.75 14.25 15.25
0.0 4 16.0 12.875 12.875
0.0 4 12.625 9.125 6.875
0.0 4 15.75 12.625 12.625
0.0 4 10.375 14.5 8.375
0.0 4 21.125 18.5 10.625
0.0 4 12.875 14.375 12.375
0.0 4 14.875 13.625 14.375
0.0 4 18.25 12.0 10.0
0.0 4 12.375 14.5 12.375
0.0 4 19.5 13.25 13.25
0.0 4 17.25 17.25 17.25
0.0 4 16.625 19.5 10.875
0.0 4 15.125 15.125 13.75
0.0 4 15.875 18.125 15.125
0.0 4 18.25 8.625 13.75
0.0 4 18.375 18.375 13.375
0.0 4 7.75 7.75 7.75
0.0 4 11.75 14.75 14.75
0.0 4 10.875 13.875 3.875
0.0 4 17.375 17.375 11.625
0.0 4 8.875 7.75 7.75
0.0 4 13.375 12.375 12.375
0.0 4 16.75 11.5 10.625
0.0 4 12.625 12.625 10.125
0.0 4 7.375 10.375 10.375
0.0 4 17.5 17.5 9.875
0.0 4 19.75 17.5 13.375
0.0 4 20.75 15.75 12.25
0.0 4 19.75 12.875 12.875
0.0 4 10.0 6.875 9.0
0.0 4 10.5 10.5 10.5
0.0 4 13.75 9.375 8.125
0.0 4 9.5 8.5 10.5
0.0 4 11.125 14.5 15.0
0.0 4 15.875 14.375 4.625
0.0 4 17.375 21.0 12.625
0.0 4 14.0 7.125 11.375
0.0 4 11.75 11.75 9.375
0.0 4 18.375 16.25 16.25
0.0 4 22.125 14.125 16.0
0.0 4 13.375 13.375 4.625
0.0 4 12.25 14.875 9.625
0.0 4 17.75 11.75 11.75
0.0 4 9.25 9.25 18.625
0.0 4 15.125 16.125 16.125
0.0 4 14.875 9.125 12.375
0.0 4 14.125 10.125 14.125
0.0 4 7.875 11.375 11.375
0.0 4 16.875 18.0 14.25
0.0 4 21.25 16.25 9.0
0.0 4 17.625 11.375 10.375
0.0 4 14.25 18.75 18.75
0.0 4 17.25 21.125 15.75
0.0 4 18.25 19.25 10.75
0.0 4 15.875 15.125 15.125
0.0 4 22.125 16.75 17.375
0.0 4 17.625 13.0 14.0
0.0 4 11.25 11.25 11.25
0.0 4 11.5 16.75 16.75
0.0 4 18.0 13.625 13.625
0.0 4 10.5 10.5 10.5
0.0 4 16.5 16.5 14.375
0.0 4 20.875 25.375 20.875
0.0 4 18.5 20.0 7.125
0.0 4 11.75 11.75 8.75
0.0 4 15.875 17.375 17.375
0.0 4 21.375 15.75 10.875
0.0 4 13.25 12.0 13.25
0.0 4 15.25 11.625 9.875
0.0 4 11.5 9.125 7.875
0.0 4 16.0 13.875 10.5
0.0 4 18.125 13.0 13.0
0.0 4 10.125 10.125 12.125
0.0 4 12.5 12.5 8.5
0.0 4 13.75 12.375 10.25
0.0 4 16.625 16.125 9.75
0.0 4 13.25 8.75 8.75
0.0 4 12.25 7.5 7.5
0.0 4 18.25 12.125 18.25
0.0 4 18.875 15.75 15.75
0.0 4 20.5 18.75 11.875
0.0 4 17.75 17.75 7.75
0.0 4 16.25 14.0 13.5
0.0 4 12.375 13.375 9.75
0.0 4 16.625 13.875 9.375
0.0 4 17.625 12.125 10.875
0.0 4 7.625 19.5 14.375
0.0 4 11.875 11.125 17.25
0.0 4 19.875 14.875 13.375
0.0 4 16.75 9.375 9.375
0.0 4 16.875 16.875 12.625
0.0 4 8.25 15.75 9.25
0.0 4 9.375 13.125 10.375
0.0 4 12.125 11.125 6.375
0.0 4 15.75 14.875 15.25
0.0 4 21.125 21.0 12.0
0.0 4 13.625 12.625 11.625
0.0 4 9.875 9.875 8.875
0.0 4 12.875 12.875 9.125
0.0 4 14.875 13.75 13.75
0.0 4 15.875 12.375 9.875
0.0 4 16.875 15.375 13.75
0.0 4 12.0 12.0 7.625
0.0 4 14.125 13.125 11.125
0.0 4 17.625 11.875 14.875
0.0 4 11.0 8.75 8.75
0.0 4 19.25 20.375 12.5
0.0 4 13.625 10.875 6.875
0.0 4 16.75 11.625 15.25
0.0 4 16.5 13.625 5.75
0.0 4 15.0 10.75 13.125
0.0 4 20.25 13.875 12.75
0.0 4 12.875 10.5 10.5
0.0 4 16.625 16.625 10.25
0.0 4 13.375 16.875 12.5
0.0 4 13.625 10.625 13.125
0.0 4 14.75 15.75 14.75
0.0 4 19.625 19.625 15.625
0.0 4 14.625 18.5 11.5
0.0 4 12.625 6.875 6.875
0.0 4 15.875 13.0 14.0
0.0 4 15.75 18.0 14.75
0.0 4 16.25 17.5 16.25
0.0 4 14.375 16.75 14.375
0.0 4 21.0 21.0 13.5
0.0 4 11.375 10.125 8.875
0.0 4 15.625 15.625 19.75
0.0 4 9.625 11.75 9.625
0.0 4 16.125 12.375 16.125
0.0 4 9.0 9.0 10.25
0.0 4 13.25 22.625 12.25
0.0 4 17.25 17.25 15.125
0.0 4 20.375 12.625 7.875
0.0 4 15.25 19.5 15.25
0.0 4 14.125 14.125 16.25
0.0 4 18.75 18.5 14.625
0.0 4 11.25 10.25 12.75
0.0 4 15.625 13.125 11.625
0.0 4 15.875 10.75 15.375
0.0 4 12.375 10.625 9.5
0.0 4 14.5 18.125 12.375
