10 32 8.2275 11.2175 9.1075
10 8 5.29 7.22 5.6575
10 48 8.425 14.0825 8.4825
10 2 4.2125 6.965 4.92
10 27 5.29 5.4725 5.3775
10 27 5.36 5.53 5.455
10 6 4.6125 4.765 4.695
10 11 6.9625 9.5275 6.9375
10 40 6.3475 11.1325 6.675
10 45 8.1475 11.515 9.545
10 15 6.9 8.155 6.515
10 11 6.6425 9.6025 6.8325
10 1 5.665 6.1775 5.495
10 21 4.63 4.63 4.61
10 37 7.4675 10.19 8.02
10 41 6.31 7.785 6.06
10 42 6.605 10.7375 6.58
10 18 5.965 7.255 5.8475
10 21 4.915 4.915 4.915
10 11 6.9025 9.7475 6.605
20 49 14.3875 18.99 16.46
20 30 5.6925 10.13 5.825
20 29 7.56 11.155 7.2
20 37 7.7225 9.7175 8.1625
20 41 12.9625 15.7475 14.16
20 36 7.425 10.43 7.515
20 9 5.0675 8.54 5.14
20 13 11.3525 16.6425 12.27
20 42 18.905 22.6225 20.08
20 23 6.0725 7.83 6.445
20 10 13.5025 19.8675 15.8475
20 41 12.5175 14.6025 13.8475
20 50 14.6575 18.49 16.2275
20 48 15.61 23.15 17.0325
20 49 14.705 20.27 16.625
20 39 10.2525 13.635 11.33
20 31 7.5525 10.4875 7.26
20 27 5.3425 5.8675 5.3025
20 8 8.9425 12.835 9.6675
20 17 13.0725 19.615 14.4275
30 34 12.05 17.9275 14.085
30 20 15.2075 22.155 17.165
30 4 11.6875 15.395 12.715
30 35 13.62 18.0 14.9075
30 35 12.895 15.65 13.61
30 14 22.15 32.9175 27.73
30 34 12.5 18.0775 13.87
30 14 22.24 30.905 27.6425
30 27 11.855 16.4675 11.2125
30 46 10.6875 15.86 10.465
30 34 12.2675 19.1825 14.0825
30 38 24.69 32.9925 27.695
30 1 13.1475 20.34 16.18
30 12 15.32 22.52 17.89
30 26 9.015 14.1375 10.45
30 15 6.3225 9.37 6.555
30 15 6.9775 9.695 6.4825
30 19 8.6475 13.9975 10.2025
30 7 19.7175 27.5725 23.2525
30 46 10.0525 16.6325 10.1575
40 48 24.105 33.5375 28.2625
40 39 15.1775 19.785 16.32
40 41 19.7025 28.645 23.0975
40 47 18.9825 24.3225 20.085
40 37 16.375 22.9125 19.2275
40 2 18.6125 20.9625 18.735
40 29 10.3725 15.71 11.8625
40 46 22.905 32.525 27.065
40 18 21.4125 26.8275 23.9325
40 26 25.735 30.6075 27.76
40 44 23.0225 31.81 27.785
40 9 20.98 30.65 26.9375
