21.875 10.375 9.375
15.25 10.875 9.875
16.375 16.375 9.625
13.125 13.125 9.625
20.0 18.875 14.125
18.5 15.25 10.875
15.25 18.625 16.25
11.875 12.375 12.375
15.875 15.875 10.75
11.625 11.625 14.875
16.875 16.125 15.125
13.875 13.875 10.0
16.25 18.375 11.375
16.625 16.625 10.375
18.25 14.75 13.25
15.0 16.0 8.25
14.375 14.375 10.375
15.0 18.625 11.625
13.75 7.75 11.25
18.5 10.5 11.5
13.375 14.625 8.75
14.25 14.25 12.25
15.5 15.5 12.75
14.5 16.75 6.0
13.25 10.0 11.0
16.625 16.625 14.125
14.75 12.75 8.375
12.125 11.0 11.0
10.625 11.625 9.5
13.25 9.875 9.875
13.125 13.125 12.125
18.0 13.0 11.875
16.5 16.5 12.375
15.875 19.0 10.375
13.0 11.0 9.625
14.125 14.125 11.5
15.625 17.75 9.625
12.75 14.75 9.0
16.0 17.625 16.0
13.25 10.875 8.5
13.625 8.25 8.25
16.125 16.125 13.5
14.875 14.875 13.875
13.0 14.625 15.625
14.75 14.75 10.875
14.5 14.5 10.375
14.375 15.875 14.375
15.0 18.125 11.875
15.375 11.625 14.375
17.125 16.625 10.25
13.75 12.5 5.625
18.5 14.125 15.125
18.0 18.0 9.75
17.125 16.625 13.5
13.625 10.0 11.625
13.625 13.625 9.125
12.375 12.375 6.875
21.0 11.625 7.375
10.25 11.5 13.5
15.375 12.875 8.125
14.625 14.625 12.375
16.5 16.0 15.0
17.0 17.0 10.5
12.625 13.625 11.125
17.125 17.125 7.125
17.0 15.5 9.75
15.625 16.75 11.25
19.5 16.0 11.0
12.125 12.125 10.5
15.875 19.875 13.125
18.5 20.5 10.5
14.75 17.0 11.0
15.75 16.75 11.125
17.375 17.375 7.25
19.25 14.0 5.375
16.0 15.375 8.375
12.0 16.25 11.5
12.75 12.75 11.625
15.125 17.125 12.375
12.75 12.75 12.25
11.625 18.25 11.625
15.125 18.25 11.375
17.625 21.0 11.5
15.125 15.125 13.5
14.0 14.0 7.875
17.5 12.125 12.125
17.25 17.25 13.25
18.625 18.625 12.875
10.875 11.875 10.875
12.75 13.75 8.0
14.875 13.875 13.875
16.25 13.875 13.75
13.5 12.125 10.0
17.5 17.0 12.75
15.75 15.75 7.0
13.875 15.0 9.5
15.25 10.5 11.5
15.0 16.0 8.0
17.375 17.375 12.375
13.875 13.875 11.375
10.75 11.75 10.75
15.375 15.375 14.375
16.875 11.625 6.0
17.625 20.625 11.75
18.625 12.625 9.875
15.125 17.125 9.75
17.375 9.375 8.375
12.375 15.625 12.375
15.125 15.125 10.25
15.375 10.625 9.625
13.75 13.75 10.0
15.0 14.125 11.625
16.875 16.25 10.5
13.75 12.0 10.5
12.5 17.0 9.625
15.125 15.125 8.0
21.875 20.25 10.375
12.0 16.375 9.375
8.625 18.625 6.5
13.75 9.25 12.75
15.875 14.625 9.375
14.75 14.75 7.875
16.25 15.25 5.125
15.375 14.875 13.5
12.875 17.375 9.125
13.5 12.375 5.125
12.875 15.375 14.375
17.375 12.875 12.75
15.25 14.125 11.625
13.5 13.5 12.375
12.625 9.5 11.0
14.875 16.0 11.875
17.75 15.0 7.875
15.0 11.875 14.5
18.0 13.5 14.0
9.75 9.75 9.75
15.25 16.25 11.25
15.5 18.25 9.125
15.5 14.0 9.625
12.5 12.5 9.0
16.0 16.0 13.75
19.5 14.0 14.0
13.0 13.0 11.5
11.875 15.625 13.125
15.375 15.375 9.0
12.5 12.5 13.5
15.875 14.875 14.875
15.875 14.25 11.125
13.0 11.875 13.0
18.125 15.625 11.0
13.75 10.75 12.75
13.875 10.125 10.125
14.875 17.0 10.75
15.25 12.375 12.375
14.0 15.625 11.75
15.0 16.5 7.25
17.25 13.875 12.875
13.5 17.5 10.25
13.75 13.75 12.25
15.0 14.0 14.0
17.625 17.625 12.375
14.5 12.5 13.5
17.75 13.75 7.875
10.625 11.625 10.625
14.375 17.625 13.375
14.25 14.25 14.25
14.5 14.5 12.625
11.375 11.375 11.375
14.375 17.25 7.5
18.875 14.0 10.625
16.625 14.625 14.625
14.0 17.5 13.5
15.125 17.875 10.375
16.625 13.5 9.625
16.75 16.75 11.125
16.125 16.125 14.625
14.625 12.625 13.625
11.125 9.5 9.5
13.125 13.125 9.75
18.25 16.625 8.25
20.5 20.5 11.875
12.375 14.75 11.375
22.25 26.0 9.0
17.25 17.25 13.5
14.375 12.375 10.75
16.375 13.0 9.5
15.125 13.625 8.875
14.625 8.0 11.125
18.875 19.0 9.5
13.125 10.0 10.0
15.125 21.875 12.0
9.5 11.625 9.5
20.125 18.625 6.5
16.0 15.75 9.375
9.25 14.0 11.25
13.625 14.75 12.625
16.125 14.625 12.0
15.125 14.625 7.375
13.5 17.0 13.0
13.875 10.75 9.625
16.375 16.375 10.375
13.0 9.0 10.875
13.375 17.875 6.125
17.25 17.25 10.125
12.75 12.75 12.75
13.5 13.5 10.75
9.75 11.5 8.625
16.375 16.375 9.875
15.75 15.75 14.125
16.625 20.25 13.625
13.0 13.5 11.25
13.125 13.125 11.625
15.75 15.75 9.625
15.875 15.875 13.875
8.0 8.0 8.0
17.5 11.75 9.75
13.625 13.625 10.5
12.375 16.875 8.375
12.875 15.75 12.875
15.25 19.125 16.25
11.375 11.375 11.375
14.5 14.5 10.375
12.625 13.625 11.625
19.875 18.75 15.375
12.25 15.75 13.375
16.5 18.625 10.125
11.375 13.375 10.375
14.625 14.625 14.125
13.25 12.25 9.25
15.875 15.875 9.75
14.25 14.25 8.125
16.25 16.25 16.25
14.75 17.25 15.75
17.5 21.75 12.125
12.875 16.125 12.875
19.0 21.625 17.375
13.5 13.5 8.625
13.125 16.875 11.625
12.875 19.0 8.875
17.125 17.125 7.625
13.25 12.625 9.125
15.875 17.375 11.75
13.5 16.125 15.125
15.375 12.125 12.125
14.625 14.625 10.375
12.375 13.5 10.375
17.25 17.25 6.25
15.625 14.125 8.25
20.25 20.25 12.5
16.875 15.875 11.25
15.0 13.5 8.875
12.75 16.375 9.875
17.25 15.75 10.625
16.0 12.0 6.25
18.0 14.125 11.625
14.25 12.75 8.625
15.875 13.875 8.625
19.25 22.0 11.375
13.0 9.0 9.0
10.875 14.75 8.875
10.75 14.75 10.75
17.125 11.125 12.125
17.625 17.625 9.125
15.125 14.625 12.5
13.375 13.375 7.875
8.25 15.375 8.25
13.375 16.5 6.125
10.625 14.0 9.625
16.75 22.375 10.25
15.875 20.5 8.625
20.125 16.0 15.0
14.75 17.375 12.625
13.625 16.25 10.5
18.125 15.375 10.625
9.875 9.875 8.625
10.75 9.75 10.75
16.25 14.25 10.125
17.25 15.25 8.625
15.25 15.25 9.5
12.5 14.625 12.5
15.125 11.625 9.125
14.625 12.125 12.125
7.0 13.125 11.0
16.625 16.625 7.0
16.125 14.125 13.125
15.375 16.75 12.25
10.0 11.5 11.5
16.0 17.0 9.625
12.375 10.0 10.0
13.875 15.375 11.125
13.75 9.5 11.625
14.625 12.625 11.625
15.25 15.25 11.75
16.5 18.5 9.75
17.75 17.75 7.0
16.75 15.5 12.25
15.875 15.875 14.375
14.5 14.5 12.5
16.875 16.875 15.375
13.875 18.625 5.875
13.5 13.375 10.75
14.875 14.875 11.625
11.375 15.5 9.875
19.625 20.625 13.625
12.0 14.5 10.0
20.375 20.375 9.25
17.125 13.5 14.5
17.125 17.125 12.0
19.75 18.75 14.75
14.625 18.625 9.25
13.75 15.75 11.25
19.625 17.125 13.375
19.125 15.75 8.625
17.625 17.625 8.75
12.75 11.75 12.75
13.125 13.125 13.125
18.125 16.5 13.0
17.5 19.625 13.25
14.25 12.75 11.5
14.75 17.0 11.25
19.0 15.375 7.75
18.75 16.75 9.375
15.25 15.25 11.0
14.0 15.125 11.25
14.125 14.125 8.875
12.75 12.75 11.25
18.0 13.125 9.875
11.875 11.875 11.875
14.125 14.125 10.75
15.25 8.375 11.0
14.25 18.0 12.125
15.875 13.125 11.625
14.0 17.0 13.5
13.75 13.75 10.75
16.375 14.375 7.875
12.875 15.25 10.625
14.25 12.25 8.75
14.5 13.5 13.5
11.75 14.875 6.0
16.125 20.0 13.125
16.25 14.25 9.375
13.875 18.0 11.75
17.0 16.375 12.625
14.875 13.375 11.125
13.25 15.25 9.875
21.625 15.625 13.0
14.125 15.25 9.875
18.0 13.625 12.5
14.25 15.25 10.625
17.75 9.0 11.75
12.75 16.0 10.75
16.5 17.5 10.125
20.25 17.25 13.875
15.125 15.125 9.125
14.25 14.25 11.75
17.0 16.375 14.375
18.0 14.875 3.625
11.375 14.375 9.375
15.5 11.5 10.25
15.125 16.125 7.5
12.625 10.0 8.875
14.25 14.25 13.25
18.0 18.0 11.75
14.5 16.75 11.5
15.0 15.0 12.625
17.375 13.25 13.25
12.625 17.375 12.125
9.0 12.75 13.5
8.75 18.75 15.5
16.625 13.5 9.0
9.75 16.25 13.625
10.625 14.75 10.625
13.875 13.875 8.625
13.375 14.875 14.875
18.375 19.875 11.375
13.5 17.5 11.25
17.125 17.875 12.875
14.25 14.25 9.375
15.625 14.625 13.5
13.5 12.5 11.5
18.0 17.25 15.625
12.125 10.25 5.125
13.5 13.5 6.375
16.375 16.375 12.625
11.625 14.25 8.375
17.125 13.75 12.5
19.5 19.5 13.25
13.625 13.625 9.5
18.125 17.375 13.0
9.0 9.0 9.0
12.25 19.0 13.25
15.375 13.875 13.875
15.25 15.25 11.625
14.875 14.875 9.75
16.25 16.25 13.625
11.125 17.75 10.625
15.5 15.5 12.5
14.0 16.0 8.375
16.75 16.75 12.75
12.375 15.875 10.375
12.125 13.125 13.125
16.0 15.0 12.375
21.875 13.125 14.125
15.25 18.0 11.875
14.375 18.375 11.625
15.875 12.875 10.875
14.0 14.0 10.0
10.625 11.625 8.625
15.875 9.25 7.5
7.25 12.0 12.75
14.125 12.125 12.125
9.0 13.0 11.5
17.0 17.0 13.375
15.125 17.0 12.875
17.0 20.375 10.5
11.875 9.75 4.5
15.0 18.125 11.0
17.375 17.375 10.875
13.75 12.75 10.125
13.25 19.625 12.625
10.25 14.625 8.625
16.125 16.125 15.5
17.0 18.75 10.5
15.0 16.0 11.25
15.5 13.5 14.5
13.875 11.875 11.875
14.625 14.625 14.625
12.5 12.5 7.125
12.25 10.875 8.875
13.875 18.625 7.0
14.625 14.0 7.5
11.625 11.625 10.625
16.25 16.25 13.125
14.125 15.25 13.125
15.5 15.0 9.25
14.625 13.625 9.875
13.875 15.625 7.5
14.5 10.375 9.25
16.375 10.5 10.5
16.125 11.625 11.625
15.375 21.25 14.375
12.75 12.75 10.625
14.375 18.125 11.125
15.75 14.75 9.75
18.5 18.5 12.75
13.75 12.375 13.75
15.875 14.25 13.125
13.75 14.75 12.25
19.375 20.375 13.75
17.375 20.875 11.5
13.625 15.75 11.625
15.25 15.25 12.125
13.375 14.875 11.875
14.125 14.125 8.875
14.875 14.875 13.375
17.75 15.25 9.875
17.375 10.625 12.375
16.0 16.0 13.375
14.125 16.875 11.0
11.375 11.375 10.375
19.5 16.25 13.25
13.875 13.375 9.25
18.0 15.875 9.625
14.875 15.875 10.5
17.5 17.0 9.75
14.25 14.25 7.875
12.75 12.75 11.625
16.125 14.25 13.25
14.625 14.625 14.625
15.375 10.5 10.375
15.875 15.375 15.375
20.0 22.375 9.375
14.5 14.5 9.75
15.125 17.375 13.0
13.875 11.875 11.875
10.875 14.5 10.875
13.25 14.75 9.625
18.125 20.125 6.75
12.25 11.25 8.625
16.875 16.875 13.125
15.0 12.875 10.25
14.5 12.125 8.75
20.375 17.75 12.5
13.875 14.875 9.625
13.5 16.0 9.625
18.125 13.75 18.625
15.875 14.875 7.75
17.5 15.0 12.5
17.5 10.75 11.75
14.5 13.5 11.875
15.375 15.375 11.875
14.0 14.0 11.75
14.625 16.25 10.625
18.0 15.75 11.0
17.0 17.0 14.5
12.875 16.875 11.125
11.25 14.625 12.875
14.5 17.0 9.875
16.875 15.25 11.5
15.0 12.875 12.875
