0 15.1975 15.11 10.7425
0 15.1675 14.7625 10.92
0 15.11 14.9825 10.7625
0 15.6575 15.4475 10.6775
0 15.085 15.0925 11.9175
0 14.88 15.0025 10.3925
0 14.215 14.2575 10.665
0 14.7925 14.725 11.21
0 15.1825 14.5425 10.465
0 14.6175 14.66 11.3375
0.5 15.005 15.055 10.955
0.5 15.06 15.485 11.085
0.5 14.5775 14.3775 10.74
0.5 15.2725 15.0375 11.035
0.5 14.735 14.8325 10.72
0.5 15.7625 15.2525 9.9575
0.5 15.065 14.6 10.6375
0.5 14.5375 13.9275 10.8775
0.5 14.835 14.9925 10.735
0.5 14.25 15.0225 10.8775
1 14.7325 15.1025 10.345
1 15.2375 14.89 10.4075
1 15.585 15.5425 11.7025
1 14.8725 14.58 10.89
1 14.9975 14.79 10.8025
1 14.5175 14.925 10.815
1 14.89 14.5725 11.235
1 15.36 15.09 10.2325
1 14.71 14.735 10.8925
1 14.3325 14.9875 10.97
1.5 14.525 15.245 9.855
1.5 14.48 14.4 10.2125
1.5 14.7725 14.875 10.485
1.5 14.685 14.805 10.5625
1.5 15.0575 14.975 10.93
1.5 14.3825 14.41 10.615
1.5 14.57 14.6525 11.015
1.5 14.99 15.045 10.75
1.5 15.1 15.5075 10.5975
1.5 15.1475 14.86 10.7075
2 13.695 14.0325 9.015
2 13.7 14.78 9.685
2 12.84 13.785 9.335
2 13.2825 13.9725 8.575
2 14.0875 14.215 9.7625
2 13.5725 13.5025 10.2125
2 13.925 13.8175 10.11
2 13.48 14.25 10.0
2 13.8825 14.1675 9.875
2 13.3925 14.0575 9.79
2.5 10.065 12.0975 8.5375
2.5 9.22 12.425 8.64
2.5 9.0375 11.82 8.33
2.5 9.1675 11.6475 7.76
2.5 10.15 12.6225 9.185
2.5 10.6375 12.79 9.02
2.5 9.1875 11.41 7.6975
2.5 9.6125 12.0825 7.935
2.5 9.6975 11.0775 9.0625
2.5 9.6 11.2425 8.6275
3 8.99 10.0875 7.085
3 8.3875 10.8775 7.705
3 7.24 9.005 7.6825
3 7.4725 9.29 6.62
3 7.4375 11.265 8.42
3 7.6875 9.58 7.325
3 7.31 9.945 6.775
3 6.9975 9.485 6.6025
3 6.3325 8.47 6.3575
3 7.125 9.67 7.62
